0x00004000 6 22 50656 0x00000018 -1 -1
0x00004000 6 50656 22 0x00000010 -1 -1
0x00000000 17 -1 -1 -1 64264 53
0x00000000 17 -1 -1 -1 53 64264
0x00000000 17 -1 -1 -1 21046 514
0x00000000 17 -1 -1 -1 1289 53
0x00000000 17 -1 -1 -1 21046 514
0x00000000 17 -1 -1 -1 53 1289
0x00000000 17 -1 -1 -1 50538 53
0x00000000 17 -1 -1 -1 54322 53
0x00000000 17 -1 -1 -1 53 54322
0x00000000 17 -1 -1 -1 21046 514
0x00000000 17 -1 -1 -1 60355 53
0x00000000 17 -1 -1 -1 21046 514
0x00000000 17 -1 -1 -1 60691 53
0x00000000 17 -1 -1 -1 53 64786
0x00000000 17 -1 -1 -1 64312 53
0x00000000 17 -1 -1 -1 64265 53
0x00000000 17 -1 -1 -1 64266 53
0x00000000 17 -1 -1 -1 53 64265
0x00000000 17 -1 -1 -1 21046 514
0x00000000 17 -1 -1 -1 53 64266
0x00000000 17 -1 -1 -1 21046 514
0x00000000 17 -1 -1 -1 57294 53
0x00000000 17 -1 -1 -1 53 57294
0x00000000 17 -1 -1 -1 21046 514
0x00000000 1 -1 -1 -1 -1 -1
0x00000000 17 -1 -1 -1 55753 53
0x00000000 17 -1 -1 -1 53 55753
0x00000000 17 -1 -1 -1 21046 514
0x00000000 17 -1 -1 -1 53998 53
0x00000000 17 -1 -1 -1 21046 514
0x00000000 17 -1 -1 -1 64985 53
0x00000000 17 -1 -1 -1 21046 514
0x00000000 17 -1 -1 -1 58490 53
0x00000000 17 -1 -1 -1 53 58490
0x00000000 17 -1 -1 -1 53 64985
0x00000000 17 -1 -1 -1 61686 53
0x00000000 17 -1 -1 -1 53 61686
0x00000000 17 -1 -1 -1 21046 514
0x00000000 17 -1 -1 -1 50952 53
0x00000000 17 -1 -1 -1 53 50952
0x00000000 17 -1 -1 -1 21046 514
0x00000000 17 -1 -1 -1 51908 53
0x00000000 17 -1 -1 -1 53 51908
0x00000000 17 -1 -1 -1 21046 514
0x00000000 17 -1 -1 -1 50550 53
0x00000000 17 -1 -1 -1 51136 53
0x00000000 17 -1 -1 -1 51137 53
0x00000000 17 -1 -1 -1 53 51137
0x00000000 17 -1 -1 -1 21046 514
0x00000000 17 -1 -1 -1 21046 514
0x00000000 17 -1 -1 -1 21046 514
0x00000000 17 -1 -1 -1 53 51136
0x00000000 17 -1 -1 -1 62776 53
0x00000000 17 -1 -1 -1 53 62776
0x00000000 17 -1 -1 -1 53 50550
0x00000000 17 -1 -1 -1 53 60691
0x00000000 17 -1 -1 -1 57185 53
0x00000000 17 -1 -1 -1 58910 53
0x00000000 17 -1 -1 -1 21046 514
0x00000000 17 -1 -1 -1 55973 53
0x00000000 17 -1 -1 -1 53 55973
0x00000000 17 -1 -1 -1 53 58910
0x00000000 1 -1 -1 -1 -1 -1
0x00000000 17 -1 -1 -1 50172 53
0x00000000 17 -1 -1 -1 53 50172
0x00000000 17 -1 -1 -1 21046 514
0x00000000 17 -1 -1 -1 53 64312
0x00000000 17 -1 -1 -1 53 62699
0x00004000 17 -1 -1 -1 123 123
0x00000000 17 -1 -1 -1 54132 53
0x00000000 17 -1 -1 -1 53 54132
0x00000000 17 -1 -1 -1 21046 514
0x00004000 17 -1 -1 -1 23872 53
0x00004000 17 -1 -1 -1 23872 53
0x00000000 17 -1 -1 -1 53 23872
0x00000000 17 -1 -1 -1 21046 514
0x00000000 17 -1 -1 -1 21046 514
0x00000000 17 -1 -1 -1 53 23872
0x00000000 17 -1 -1 -1 60523 53
0x00000000 17 -1 -1 -1 60524 53
0x00000000 17 -1 -1 -1 53 60523
0x00000000 17 -1 -1 -1 53 60524
0x00000000 17 -1 -1 -1 21046 514
0x00000000 17 -1 -1 -1 21046 514
0x00000000 17 -1 -1 -1 62106 53
0x00000000 17 -1 -1 -1 53 62106
0x00000000 17 -1 -1 -1 21046 514
0x00000000 17 -1 -1 -1 53 50538
0x00000000 17 -1 -1 -1 59974 53
0x00000000 17 -1 -1 -1 53 59974
0x00000000 17 -1 -1 -1 21046 514
0x00000000 17 -1 -1 -1 53 57185
0x00000000 17 -1 -1 -1 54441 53
0x00000000 1 -1 -1 -1 -1 -1
0x00004000 1 -1 -1 -1 -1 -1
0x00004000 1 -1 -1 -1 -1 -1
0x00000000 17 -1 -1 -1 49322 53
0x00000000 17 -1 -1 -1 53 49322
0x00000000 17 -1 -1 -1 21046 514
0x00000000 17 -1 -1 -1 53 54441
0x00000000 17 -1 -1 -1 53 60355
0x00000000 17 -1 -1 -1 53 53998
0x00004000 17 -1 -1 -1 63286 53
0x00004000 17 -1 -1 -1 63286 53
0x00000000 17 -1 -1 -1 53 63286
0x00000000 17 -1 -1 -1 21046 514
0x00000000 17 -1 -1 -1 53 63286
0x00000000 17 -1 -1 -1 21046 514
0x00004000 17 -1 -1 -1 10240 53
0x00004000 17 -1 -1 -1 10240 53
0x00000000 17 -1 -1 -1 21046 514
0x00000000 17 -1 -1 -1 53 10240
0x00000000 17 -1 -1 -1 21046 514
0x00000000 17 -1 -1 -1 53 10240
0x00000000 17 -1 -1 -1 60148 53
0x00004000 17 -1 -1 -1 23001 53
0x00004000 17 -1 -1 -1 23001 53
0x00000000 17 -1 -1 -1 21046 514
0x00000000 17 -1 -1 -1 53 60148
0x00000000 17 -1 -1 -1 21046 514
0x00000000 17 -1 -1 -1 53 23001
0x00000000 17 -1 -1 -1 21046 514
0x00000000 17 -1 -1 -1 53 23001
0x00000000 17 -1 -1 -1 58301 53
0x00000000 17 -1 -1 -1 53 58301
0x00004000 17 -1 -1 -1 50917 53
0x00004000 17 -1 -1 -1 50917 53
0x00000000 17 -1 -1 -1 21046 514
0x00000000 17 -1 -1 -1 53 50917
0x00000000 17 -1 -1 -1 21046 514
0x00000000 17 -1 -1 -1 21046 514
0x00000000 17 -1 -1 -1 53 50917
0x00000000 17 -1 -1 -1 63647 53
0x00000000 17 -1 -1 -1 53 63647
0x00000000 17 -1 -1 -1 21046 514
0x00000000 17 -1 -1 -1 58125 53
0x00000000 17 -1 -1 -1 53 58125
0x00000000 17 -1 -1 -1 21046 514
0x00000000 17 -1 -1 -1 59897 53
0x00000000 17 -1 -1 -1 59898 53
0x00000000 17 -1 -1 -1 21046 514
0x00000000 17 -1 -1 -1 53 59898
0x00000000 17 -1 -1 -1 21046 514
0x00000000 17 -1 -1 -1 53 59897
0x00000000 17 -1 -1 -1 65168 53
0x00000000 17 -1 -1 -1 53 65168
0x00000000 17 -1 -1 -1 21046 514
0x00000000 17 -1 -1 -1 60953 53
0x00000000 17 -1 -1 -1 21046 514
0x00000000 17 -1 -1 -1 53 60953
0x00000000 17 -1 -1 -1 50209 53
0x00000000 17 -1 -1 -1 65308 53
0x00000000 17 -1 -1 -1 53 65308
0x00000000 17 -1 -1 -1 21046 514
0x00000000 17 -1 -1 -1 57469 53
0x00000000 17 -1 -1 -1 53 57469
0x00000000 17 -1 -1 -1 21046 514
0x00000000 17 -1 -1 -1 59404 53
0x00000000 17 -1 -1 -1 21046 514
0x00000000 17 -1 -1 -1 53 59404
0x00000000 17 -1 -1 -1 49754 53
0x00000000 17 -1 -1 -1 21046 514
0x00000000 17 -1 -1 -1 53 49754
0x00000000 17 -1 -1 -1 53001 53
0x00000000 17 -1 -1 -1 53 53001
0x00000000 17 -1 -1 -1 21046 514
0x00000000 17 -1 -1 -1 61291 53
0x00000000 17 -1 -1 -1 49326 53
0x00000000 17 -1 -1 -1 53 61291
0x00000000 17 -1 -1 -1 21046 514
0x00000000 17 -1 -1 -1 53 49326
0x00000000 17 -1 -1 -1 21046 514
0x00000000 17 -1 -1 -1 61195 53
0x00000000 17 -1 -1 -1 49810 53
0x00000000 17 -1 -1 -1 53 49810
0x00000000 17 -1 -1 -1 21046 514
0x00000000 17 -1 -1 -1 51128 53
0x00000000 17 -1 -1 -1 21046 514
0x00000000 17 -1 -1 -1 65358 53
0x00000000 17 -1 -1 -1 61298 53
0x00000000 17 -1 -1 -1 21046 514
0x00000000 17 -1 -1 -1 53 61298
0x00000000 17 -1 -1 -1 61299 53
0x00000000 17 -1 -1 -1 21046 514
0x00000000 17 -1 -1 -1 53 61299
0x00004000 17 -1 -1 -1 9618 53
0x00004000 17 -1 -1 -1 9618 53
0x00000000 17 -1 -1 -1 21046 514
0x00000000 17 -1 -1 -1 53 9618
0x00000000 17 -1 -1 -1 21046 514
0x00000000 17 -1 -1 -1 53 9618
0x00000000 17 -1 -1 -1 50795 53
0x00000000 17 -1 -1 -1 21046 514
0x00000000 17 -1 -1 -1 53 50795
0x00000000 17 -1 -1 -1 61306 53
0x00000000 17 -1 -1 -1 61307 53
0x00000000 17 -1 -1 -1 21046 514
0x00000000 17 -1 -1 -1 53 61306
0x00000000 17 -1 -1 -1 21046 514
0x00000000 17 -1 -1 -1 53 61307
0x00000000 17 -1 -1 -1 58095 53
0x00000000 17 -1 -1 -1 53 58095
0x00000000 17 -1 -1 -1 21046 514
0x00000000 17 -1 -1 -1 54391 53
0x00000000 17 -1 -1 -1 21046 514
0x00000000 17 -1 -1 -1 64505 53
0x00000000 17 -1 -1 -1 53 64505
0x00000000 17 -1 -1 -1 21046 514
0x00000000 17 -1 -1 -1 53 65358
0x00000000 17 -1 -1 -1 53 54391
0x00000000 17 -1 -1 -1 53 51128
0x00000000 17 -1 -1 -1 2979 53
0x00000000 17 -1 -1 -1 21046 514
0x00000000 17 -1 -1 -1 65244 53
0x00000000 17 -1 -1 -1 55967 53
0x00000000 17 -1 -1 -1 21046 514
0x00000000 17 -1 -1 -1 53534 53
0x00000000 17 -1 -1 -1 53 53534
0x00000000 17 -1 -1 -1 53 55967
0x00000000 17 -1 -1 -1 60657 53
0x00000000 17 -1 -1 -1 21046 514
0x00000000 17 -1 -1 -1 53 60657
0x00000000 17 -1 -1 -1 53 50209
0x00000000 17 -1 -1 -1 21046 514
0x00000000 17 -1 -1 -1 53 2979
0x00000000 17 -1 -1 -1 56916 53
0x00000000 17 -1 -1 -1 53 56916
0x00000000 17 -1 -1 -1 21046 514
0x00000000 17 -1 -1 -1 64664 53
0x00000000 17 -1 -1 -1 21046 514
0x00000000 17 -1 -1 -1 53 64664
0x00000000 17 -1 -1 -1 64665 53
0x00000000 17 -1 -1 -1 21046 514
0x00000000 17 -1 -1 -1 53 64665
0x00000000 17 -1 -1 -1 65398 53
0x00000000 17 -1 -1 -1 21046 514
0x00000000 17 -1 -1 -1 50066 53
0x00000000 17 -1 -1 -1 65024 53
0x00000000 17 -1 -1 -1 53 50066
0x00000000 17 -1 -1 -1 53 65024
0x00000000 17 -1 -1 -1 21046 514
0x00000000 17 -1 -1 -1 53 65398
0x00000000 17 -1 -1 -1 62833 53
0x00000000 17 -1 -1 -1 53 62833
0x00000000 17 -1 -1 -1 21046 514
0x00000000 17 -1 -1 -1 65534 53
0x00000000 17 -1 -1 -1 21046 514
0x00000000 17 -1 -1 -1 53 65534
0x00000000 17 -1 -1 -1 53 61195
0x00000000 17 -1 -1 -1 54199 53
0x00000000 17 -1 -1 -1 65335 53
0x00000000 17 -1 -1 -1 21046 514
0x00000000 17 -1 -1 -1 53462 53
0x00000000 1 -1 -1 -1 -1 -1
0x00000000 17 -1 -1 -1 53 53462
0x00000000 17 -1 -1 -1 3277 53
0x00000000 17 -1 -1 -1 21046 514
0x00000000 17 -1 -1 -1 53 3277
0x00000000 17 -1 -1 -1 53 65335
0x00000000 17 -1 -1 -1 1979 53
0x00000000 17 -1 -1 -1 53 1979
0x00000000 17 -1 -1 -1 21046 514
0x00000000 17 -1 -1 -1 2979 53
0x00000000 17 -1 -1 -1 53 2979
0x00000000 17 -1 -1 -1 21046 514
0x00000000 17 -1 -1 -1 52658 53
0x00000000 17 -1 -1 -1 53 52658
0x00000000 17 -1 -1 -1 21046 514
0x00000000 17 -1 -1 -1 50622 53
0x00000000 17 -1 -1 -1 53 50622
0x00000000 17 -1 -1 -1 21046 514
0x00000000 17 -1 -1 -1 55064 53
0x00000000 17 -1 -1 -1 53 55064
0x00000000 17 -1 -1 -1 21046 514
0x00000000 17 -1 -1 -1 65019 53
0x00000000 17 -1 -1 -1 53 65019
0x00000000 17 -1 -1 -1 21046 514
0x00000000 17 -1 -1 -1 65020 53
0x00000000 17 -1 -1 -1 53 65020
0x00000000 17 -1 -1 -1 21046 514
0x00000000 17 -1 -1 -1 3338 53
0x00000000 17 -1 -1 -1 65404 53
0x00000000 17 -1 -1 -1 59578 53
0x00000000 17 -1 -1 -1 57840 53
0x00000000 17 -1 -1 -1 59579 53
0x00000000 17 -1 -1 -1 53 3338
0x00000000 17 -1 -1 -1 53 65404
0x00000000 17 -1 -1 -1 21046 514
0x00000000 17 -1 -1 -1 21046 514
0x00000000 17 -1 -1 -1 21046 514
0x00000000 17 -1 -1 -1 21046 514
0x00000000 17 -1 -1 -1 53 59579
0x00000000 17 -1 -1 -1 21046 514
0x00000000 17 -1 -1 -1 53 59578
0x00000000 17 -1 -1 -1 53 57840
0x00000000 1 -1 -1 -1 -1 -1
0x00000000 17 -1 -1 -1 57669 53
0x00000000 17 -1 -1 -1 53 57669
0x00000000 17 -1 -1 -1 21046 514
0x00004000 17 -1 -1 -1 31436 53
0x00004000 17 -1 -1 -1 31436 53
0x00000000 17 -1 -1 -1 53 31436
0x00000000 17 -1 -1 -1 21046 514
0x00000000 17 -1 -1 -1 21046 514
0x00000000 17 -1 -1 -1 53 31436
0x00000000 17 -1 -1 -1 65217 53
0x00000000 17 -1 -1 -1 53 65217
0x00000000 17 -1 -1 -1 21046 514
0x00000000 17 -1 -1 -1 60357 53
0x00000000 17 -1 -1 -1 53 60357
0x00000000 17 -1 -1 -1 21046 514
0x00000000 17 -1 -1 -1 56965 53
0x00000000 17 -1 -1 -1 21046 514
0x00000000 17 -1 -1 -1 62594 53
0x00000000 17 -1 -1 -1 53 62594
0x00000000 17 -1 -1 -1 53 56965
0x00000000 17 -1 -1 -1 54233 53
0x00000000 17 -1 -1 -1 54234 53
0x00000000 17 -1 -1 -1 21046 514
0x00000000 17 -1 -1 -1 53 54233
0x00000000 17 -1 -1 -1 21046 514
0x00000000 17 -1 -1 -1 53 54234
0x00000000 17 -1 -1 -1 49319 53
0x00000000 17 -1 -1 -1 53 49319
0x00000000 17 -1 -1 -1 21046 514
0x00000000 1 -1 -1 -1 -1 -1
0x00000000 17 -1 -1 -1 56300 53
0x00000000 17 -1 -1 -1 53 56300
0x00000000 17 -1 -1 -1 21046 514
0x00000000 17 -1 -1 -1 53 54199
0x00004000 6 37997 53 0x00000002 -1 -1
0x00000000 17 -1 -1 -1 53738 53
0x00000000 17 -1 -1 -1 53 53738
0x00000000 17 -1 -1 -1 21046 514
0x00000000 17 -1 -1 -1 64147 53
0x00000000 17 -1 -1 -1 53 64147
0x00000000 17 -1 -1 -1 21046 514
0x00000000 17 -1 -1 -1 65290 53
0x00000000 17 -1 -1 -1 64222 53
0x00000000 17 -1 -1 -1 21046 514
0x00000000 17 -1 -1 -1 21046 514
0x00000000 17 -1 -1 -1 55875 53
0x00000000 17 -1 -1 -1 56921 53
0x00000000 17 -1 -1 -1 53 56921
0x00000000 17 -1 -1 -1 53 64222
0x00000000 17 -1 -1 -1 51742 53
0x00000000 17 -1 -1 -1 21046 514
0x00000000 17 -1 -1 -1 62852 53
0x00000000 17 -1 -1 -1 49675 53
0x00000000 17 -1 -1 -1 53 49675
0x00000000 17 -1 -1 -1 21046 514
0x00000000 17 -1 -1 -1 53 62852
0x00000000 17 -1 -1 -1 53 51742
0x00000000 17 -1 -1 -1 55728 53
0x00000000 17 -1 -1 -1 53 55728
0x00000000 17 -1 -1 -1 21046 514
0x00000000 17 -1 -1 -1 64839 53
0x00000000 17 -1 -1 -1 53 64839
0x00000000 17 -1 -1 -1 21046 514
0x00004000 17 -1 -1 -1 31626 53
0x00000000 17 -1 -1 -1 53 31626
0x00000000 17 -1 -1 -1 21046 514
0x00004000 17 -1 -1 -1 11046 53
0x00000000 17 -1 -1 -1 53 11046
0x00000000 17 -1 -1 -1 21046 514
0x00004000 17 -1 -1 -1 60625 53
0x00000000 17 -1 -1 -1 21046 514
0x00000000 17 -1 -1 -1 54025 53
0x00000000 17 -1 -1 -1 53 54025
0x00000000 17 -1 -1 -1 21046 514
0x00000000 1 -1 -1 -1 -1 -1
0x00000000 17 -1 -1 -1 53 55875
0x00000000 17 -1 -1 -1 53 60625
0x00000000 17 -1 -1 -1 53 65290
0x00000000 17 -1 -1 -1 1809 53
0x00000000 17 -1 -1 -1 53 1809
0x00000000 17 -1 -1 -1 53 65244
0x00000000 17 -1 -1 -1 21046 514
0x00000000 17 -1 -1 -1 53528 53
0x00004000 17 -1 -1 -1 45163 53
0x00000000 17 -1 -1 -1 53 45163
0x00000000 17 -1 -1 -1 21046 514
0x00000000 17 -1 -1 -1 1979 53
0x00000000 17 -1 -1 -1 53 1979
0x00000000 17 -1 -1 -1 21046 514
0x00000000 17 -1 -1 -1 55674 53
0x00000000 17 -1 -1 -1 53 55674
0x00000000 17 -1 -1 -1 21046 514
0x00000000 17 -1 -1 -1 55675 53
0x00000000 17 -1 -1 -1 21046 514
0x00000000 17 -1 -1 -1 53 55675
0x00000000 17 -1 -1 -1 56822 53
0x00000000 17 -1 -1 -1 53 56822
0x00000000 17 -1 -1 -1 21046 514
0x00000000 17 -1 -1 -1 64134 53
0x00000000 17 -1 -1 -1 21046 514
0x00000000 17 -1 -1 -1 56150 53
0x00000000 17 -1 -1 -1 54555 53
0x00000000 17 -1 -1 -1 21046 514
0x00000000 17 -1 -1 -1 54849 53
0x00000000 17 -1 -1 -1 58709 53
0x00000000 17 -1 -1 -1 21046 514
0x00000000 17 -1 -1 -1 59769 53
0x00000000 1 -1 -1 -1 -1 -1
0x00000000 17 -1 -1 -1 53 54849
0x00000000 17 -1 -1 -1 59342 53
0x00000000 17 -1 -1 -1 53 54555
0x00000000 17 -1 -1 -1 53 64134
0x00000000 17 -1 -1 -1 53 59769
0x00000000 17 -1 -1 -1 53 58709
0x00000000 17 -1 -1 -1 55682 53
0x00000000 17 -1 -1 -1 21046 514
0x00000000 17 -1 -1 -1 53 55682
0x00000000 17 -1 -1 -1 55683 53
0x00000000 17 -1 -1 -1 57684 53
0x00000000 17 -1 -1 -1 21046 514
0x00000000 17 -1 -1 -1 53 55683
0x00000000 17 -1 -1 -1 21046 514
0x00000000 17 -1 -1 -1 53 57684
0x00000000 17 -1 -1 -1 59931 53
0x00000000 17 -1 -1 -1 21046 514
0x00000000 17 -1 -1 -1 53635 53
0x00000000 17 -1 -1 -1 62597 53
0x00000000 17 -1 -1 -1 21046 514
0x00000000 17 -1 -1 -1 53 62597
0x00000000 17 -1 -1 -1 53 53635
0x00000000 17 -1 -1 -1 55462 53
0x00000000 17 -1 -1 -1 53 59931
0x00000000 17 -1 -1 -1 21046 514
0x00000000 17 -1 -1 -1 56690 53
0x00000000 17 -1 -1 -1 51736 53
0x00000000 17 -1 -1 -1 21046 514
0x00000000 17 -1 -1 -1 61710 53
0x00000000 17 -1 -1 -1 3338 53
0x00000000 17 -1 -1 -1 21046 514
0x00000000 17 -1 -1 -1 53 3338
0x00000000 17 -1 -1 -1 53 56690
0x00000000 17 -1 -1 -1 53 61710
0x00000000 17 -1 -1 -1 53 55462
0x00000000 17 -1 -1 -1 53 51736
0x00000000 17 -1 -1 -1 53933 53
0x00000000 17 -1 -1 -1 53 53933
0x00000000 17 -1 -1 -1 21046 514
0x00004000 6 53 37997 0x00000012 -1 -1
0x00004000 6 37997 53 0x00000010 -1 -1
0x00004000 6 37997 53 0x00000018 -1 -1
0x00000000 17 -1 -1 -1 49162 53
0x00000000 17 -1 -1 -1 21046 514
0x00000000 17 -1 -1 -1 53 49162
0x00000000 17 -1 -1 -1 65114 53
0x00000000 17 -1 -1 -1 21046 514
0x00000000 17 -1 -1 -1 53 65114
0x00000000 17 -1 -1 -1 2979 53
0x00000000 17 -1 -1 -1 53 2979
0x00000000 17 -1 -1 -1 21046 514
0x00000000 17 -1 -1 -1 64962 53
0x00000000 17 -1 -1 -1 57482 53
0x00000000 17 -1 -1 -1 21046 514
0x00000000 17 -1 -1 -1 53 57482
0x00000000 17 -1 -1 -1 21046 514
0x00000000 17 -1 -1 -1 51591 53
0x00000000 17 -1 -1 -1 63500 53
0x00000000 17 -1 -1 -1 21046 514
0x00000000 17 -1 -1 -1 65328 53
0x00000000 17 -1 -1 -1 53 51591
0x00000000 17 -1 -1 -1 63450 53
0x00000000 17 -1 -1 -1 53 64962
0x00000000 17 -1 -1 -1 21046 514
0x00000000 17 -1 -1 -1 53 63450
0x00000000 17 -1 -1 -1 57984 53
0x00000000 17 -1 -1 -1 53 57984
0x00000000 17 -1 -1 -1 21046 514
0x00000000 17 -1 -1 -1 55320 53
0x00000000 17 -1 -1 -1 53 55320
0x00000000 17 -1 -1 -1 21046 514
0x00000000 17 -1 -1 -1 53 65328
0x00000000 17 -1 -1 -1 53 63500
0x00000000 1 -1 -1 -1 -1 -1
0x00000000 17 -1 -1 -1 60352 53
0x00000000 17 -1 -1 -1 53 60352
0x00000000 17 -1 -1 -1 21046 514
0x00000000 17 -1 -1 -1 50155 53
0x00000000 17 -1 -1 -1 21046 514
0x00000000 17 -1 -1 -1 53 50155
0x00000000 17 -1 -1 -1 62648 53
0x00000000 17 -1 -1 -1 21046 514
0x00000000 17 -1 -1 -1 53 62648
0x00000000 17 -1 -1 -1 64255 53
0x00000000 17 -1 -1 -1 53 59342
0x00000000 17 -1 -1 -1 64256 53
0x00000000 17 -1 -1 -1 53 64256
0x00000000 17 -1 -1 -1 21046 514
0x00000000 17 -1 -1 -1 21046 514
0x00000000 17 -1 -1 -1 53 64255
0x00004000 17 -1 -1 -1 35719 53
0x00004000 17 -1 -1 -1 35719 53
0x00000000 17 -1 -1 -1 53 35719
0x00000000 17 -1 -1 -1 21046 514
0x00000000 17 -1 -1 -1 21046 514
0x00000000 17 -1 -1 -1 53 35719
0x00000000 17 -1 -1 -1 53 56150
0x00000000 17 -1 -1 -1 58566 53
0x00000000 17 -1 -1 -1 21046 514
0x00000000 17 -1 -1 -1 53920 53
0x00000000 17 -1 -1 -1 64263 53
0x00000000 17 -1 -1 -1 21046 514
0x00000000 17 -1 -1 -1 64264 53
0x00000000 17 -1 -1 -1 53 64263
0x00000000 17 -1 -1 -1 21046 514
0x00000000 17 -1 -1 -1 53 64264
0x00000000 17 -1 -1 -1 64271 53
0x00000000 17 -1 -1 -1 64272 53
0x00000000 17 -1 -1 -1 137 137
0x00000000 1 -1 -1 -1 -1 -1
0x00000000 17 -1 -1 -1 21046 514
0x00000000 17 -1 -1 -1 53 64271
0x00000000 17 -1 -1 -1 21046 514
0x00000000 17 -1 -1 -1 53 64272
0x00000000 17 -1 -1 -1 49293 53
0x00000000 17 -1 -1 -1 21046 514
0x00000000 17 -1 -1 -1 49954 53
0x00000000 17 -1 -1 -1 54080 53
0x00000000 17 -1 -1 -1 21046 514
0x00000000 17 -1 -1 -1 53 54080
0x00004000 17 -1 -1 -1 47121 53
0x00004000 17 -1 -1 -1 47121 53
0x00000000 17 -1 -1 -1 53 49954
0x00000000 17 -1 -1 -1 53 47121
0x00000000 17 -1 -1 -1 21046 514
0x00000000 17 -1 -1 -1 53 47121
0x00000000 17 -1 -1 -1 21046 514
0x00000000 17 -1 -1 -1 53 49293
0x00000000 17 -1 -1 -1 54165 53
0x00000000 17 -1 -1 -1 21046 514
0x00000000 17 -1 -1 -1 57757 53
0x00000000 17 -1 -1 -1 53 57757
0x00000000 17 -1 -1 -1 53 54165
0x00000000 17 -1 -1 -1 49162 53
0x00000000 17 -1 -1 -1 53 49162
0x00000000 17 -1 -1 -1 21046 514
0x00000000 17 -1 -1 -1 54126 53
0x00000000 17 -1 -1 -1 21046 514
0x00000000 17 -1 -1 -1 51245 53
0x00000000 17 -1 -1 -1 2979 53
0x00000000 17 -1 -1 -1 21046 514
0x00000000 17 -1 -1 -1 51791 53
0x00000000 17 -1 -1 -1 55485 53
0x00000000 17 -1 -1 -1 53 55485
0x00000000 17 -1 -1 -1 21046 514
0x00004000 6 53 37997 0x00000018 -1 -1
0x00000000 17 -1 -1 -1 65371 53
0x00004000 6 37997 53 0x00000011 -1 -1
0x00000000 17 -1 -1 -1 65423 53
0x00000000 17 -1 -1 -1 53 65423
0x00000000 17 -1 -1 -1 21046 514
0x00000000 1 -1 -1 -1 -1 -1
0x00000000 17 -1 -1 -1 51057 53
0x00000000 17 -1 -1 -1 53 51057
0x00000000 17 -1 -1 -1 21046 514
0x00000000 17 -1 -1 -1 4421 53
0x00000000 17 -1 -1 -1 21046 514
0x00000000 17 -1 -1 -1 53 4421
0x00000000 17 -1 -1 -1 53 53920
0x00000000 17 -1 -1 -1 53 58566
0x00000000 17 -1 -1 -1 64619 53
0x00000000 17 -1 -1 -1 21046 514
0x00000000 17 -1 -1 -1 53 64619
0x00000000 17 -1 -1 -1 4421 53
0x00000000 17 -1 -1 -1 21046 514
0x00000000 17 -1 -1 -1 53 4421
0x00000000 17 -1 -1 -1 1930 53
0x00000000 17 -1 -1 -1 21046 514
0x00000000 17 -1 -1 -1 53 1930
0x00000000 17 -1 -1 -1 3035 53
0x00000000 17 -1 -1 -1 53 3035
0x00000000 17 -1 -1 -1 21046 514
0x00000000 17 -1 -1 -1 1582 53
0x00000000 17 -1 -1 -1 21046 514
0x00000000 17 -1 -1 -1 53 1582
0x00000000 17 -1 -1 -1 55486 53
0x00000000 17 -1 -1 -1 53 55486
0x00000000 17 -1 -1 -1 21046 514
0x00000000 17 -1 -1 -1 55487 53
0x00000000 17 -1 -1 -1 21046 514
0x00000000 17 -1 -1 -1 53 55487
0x00000000 17 -1 -1 -1 56485 53
0x00000000 17 -1 -1 -1 53 56485
0x00000000 17 -1 -1 -1 64811 53
0x00000000 17 -1 -1 -1 21046 514
0x00000000 17 -1 -1 -1 53 64811
0x00000000 17 -1 -1 -1 21046 514
0x00000000 17 -1 -1 -1 64391 53
0x00000000 17 -1 -1 -1 21046 514
0x00000000 17 -1 -1 -1 64267 53
0x00000000 17 -1 -1 -1 54231 53
0x00000000 17 -1 -1 -1 53 54231
0x00000000 17 -1 -1 -1 21046 514
0x00000000 17 -1 -1 -1 58043 53
0x00000000 17 -1 -1 -1 21046 514
0x00000000 17 -1 -1 -1 58716 53
0x00000000 17 -1 -1 -1 50636 53
0x00000000 17 -1 -1 -1 21046 514
0x00000000 17 -1 -1 -1 63098 53
0x00000000 17 -1 -1 -1 53 58716
0x00000000 17 -1 -1 -1 53 58043
0x00000000 17 -1 -1 -1 52528 53
0x00000000 17 -1 -1 -1 21046 514
0x00000000 17 -1 -1 -1 53 52528
0x00000000 17 -1 -1 -1 53 63098
0x00000000 17 -1 -1 -1 53 50636
0x00000000 17 -1 -1 -1 56966 53
0x00000000 17 -1 -1 -1 56967 53
0x00000000 17 -1 -1 -1 53 56966
0x00000000 17 -1 -1 -1 21046 514
0x00000000 17 -1 -1 -1 21046 514
0x00000000 17 -1 -1 -1 53 56967
0x00000000 1 -1 -1 -1 -1 -1
0x00000000 17 -1 -1 -1 65445 53
0x00000000 17 -1 -1 -1 53 65445
0x00000000 17 -1 -1 -1 21046 514
0x00004000 17 -1 -1 -1 37038 53
0x00004000 17 -1 -1 -1 37038 53
0x00000000 17 -1 -1 -1 53 37038
0x00000000 17 -1 -1 -1 21046 514
0x00000000 17 -1 -1 -1 53 37038
0x00000000 17 -1 -1 -1 21046 514
0x00000000 17 -1 -1 -1 65085 53
0x00000000 17 -1 -1 -1 65086 53
0x00000000 17 -1 -1 -1 53 65085
0x00000000 17 -1 -1 -1 21046 514
0x00000000 17 -1 -1 -1 21046 514
0x00000000 17 -1 -1 -1 53 65086
0x00000000 17 -1 -1 -1 64567 53
0x00000000 17 -1 -1 -1 21046 514
0x00000000 17 -1 -1 -1 53 64567
0x00000000 17 -1 -1 -1 57537 53
0x00000000 1 -1 -1 -1 -1 -1
0x00000000 17 -1 -1 -1 53 57537
0x00000000 17 -1 -1 -1 21046 514
0x00000000 17 -1 -1 -1 60843 53
0x00000000 17 -1 -1 -1 21046 514
0x00000000 17 -1 -1 -1 52031 53
0x00000000 17 -1 -1 -1 21046 514
0x00000000 17 -1 -1 -1 53 52031
0x00000000 17 -1 -1 -1 3035 53
0x00000000 17 -1 -1 -1 53 3035
0x00000000 17 -1 -1 -1 21046 514
0x00000000 1 -1 -1 -1 -1 -1
0x00000000 17 -1 -1 -1 64144 53
0x00000000 17 -1 -1 -1 64891 53
0x00000000 17 -1 -1 -1 21046 514
0x00000000 17 -1 -1 -1 53 64891
0x00000000 17 -1 -1 -1 21046 514
0x00000000 17 -1 -1 -1 64949 53
0x00000000 17 -1 -1 -1 64573 53
0x00000000 17 -1 -1 -1 21046 514
0x00000000 17 -1 -1 -1 53 64949
0x00000000 17 -1 -1 -1 64911 53
0x00000000 17 -1 -1 -1 21046 514
0x00000000 17 -1 -1 -1 53 64911
0x00000000 17 -1 -1 -1 64850 53
0x00000000 17 -1 -1 -1 21046 514
0x00000000 17 -1 -1 -1 56329 53
0x00000000 17 -1 -1 -1 63069 53
0x00000000 17 -1 -1 -1 53 63069
0x00000000 17 -1 -1 -1 21046 514
0x00000000 17 -1 -1 -1 53 56329
0x00000000 17 -1 -1 -1 53 64850
0x00000000 17 -1 -1 -1 60707 53
0x00000000 17 -1 -1 -1 53 60707
0x00000000 17 -1 -1 -1 21046 514
0x00004000 6 53 37997 0x00000010 -1 -1
0x00004000 6 53 37997 0x00000011 -1 -1
0x00004000 6 37997 53 0x00000010 -1 -1
0x00000000 17 -1 -1 -1 49695 53
0x00000000 17 -1 -1 -1 21046 514
0x00000000 17 -1 -1 -1 65453 53
0x00000000 17 -1 -1 -1 53 65453
0x00000000 17 -1 -1 -1 53 49695
0x00004000 17 -1 -1 -1 58722 53
0x00000000 17 -1 -1 -1 21046 514
0x00000000 17 -1 -1 -1 64157 53
0x00000000 17 -1 -1 -1 53 64157
0x00000000 17 -1 -1 -1 21046 514
0x00000000 17 -1 -1 -1 2979 53
0x00000000 17 -1 -1 -1 21046 514
0x00000000 17 -1 -1 -1 61645 53
0x00000000 17 -1 -1 -1 53 61645
0x00000000 17 -1 -1 -1 53 2979
0x00000000 17 -1 -1 -1 123 123
0x00000000 17 -1 -1 -1 3680 53
0x00000000 17 -1 -1 -1 123 123
0x00000000 17 -1 -1 -1 21046 514
0x00000000 17 -1 -1 -1 53 3680
0x00000000 17 -1 -1 -1 51579 53
0x00000000 17 -1 -1 -1 51580 53
0x00000000 17 -1 -1 -1 21046 514
0x00000000 17 -1 -1 -1 53 51579
0x00000000 17 -1 -1 -1 21046 514
0x00000000 17 -1 -1 -1 53 51580
0x00000000 17 -1 -1 -1 56983 53
0x00000000 17 -1 -1 -1 21046 514
0x00000000 17 -1 -1 -1 53 56983
0x00000000 17 -1 -1 -1 53812 53
0x00000000 17 -1 -1 -1 53 53812
0x00000000 17 -1 -1 -1 21046 514
0x00000000 17 -1 -1 -1 53 64267
0x00000000 17 -1 -1 -1 53 60843
0x00000000 17 -1 -1 -1 53 64391
0x00000000 17 -1 -1 -1 53519 53
0x00000000 17 -1 -1 -1 53 53519
0x00000000 17 -1 -1 -1 21046 514
0x00000000 17 -1 -1 -1 1512 53
0x00000000 17 -1 -1 -1 21046 514
0x00000000 17 -1 -1 -1 53 1512
0x00004000 17 -1 -1 -1 123 123
0x00000000 17 -1 -1 -1 4316 53
0x00000000 17 -1 -1 -1 53 4316
0x00000000 17 -1 -1 -1 21046 514
0x00000000 17 -1 -1 -1 54993 53
0x00000000 17 -1 -1 -1 53 54993
0x00000000 17 -1 -1 -1 21046 514
0x00000000 17 -1 -1 -1 63678 53
0x00000000 17 -1 -1 -1 63679 53
0x00000000 17 -1 -1 -1 53 63678
0x00000000 17 -1 -1 -1 21046 514
0x00000000 17 -1 -1 -1 21046 514
0x00000000 17 -1 -1 -1 53 63679
0x00000000 1 -1 -1 -1 -1 -1
0x00000000 1 -1 -1 -1 -1 -1
0x00004000 1 -1 -1 -1 -1 -1
0x00004000 1 -1 -1 -1 -1 -1
0x00000000 17 -1 -1 -1 4316 53
0x00000000 17 -1 -1 -1 53 4316
0x00000000 17 -1 -1 -1 21046 514
0x00000000 17 -1 -1 -1 56077 53
0x00000000 17 -1 -1 -1 60498 53
0x00000000 17 -1 -1 -1 53 56077
0x00000000 17 -1 -1 -1 21046 514
0x00000000 17 -1 -1 -1 21046 514
0x00000000 17 -1 -1 -1 53 60498
0x00000000 17 -1 -1 -1 56078 53
0x00000000 17 -1 -1 -1 53 56078
0x00000000 17 -1 -1 -1 21046 514
0x00000000 17 -1 -1 -1 58192 53
0x00000000 17 -1 -1 -1 53 58192
0x00000000 17 -1 -1 -1 21046 514
0x00000000 17 -1 -1 -1 59788 53
0x00000000 17 -1 -1 -1 53 59788
0x00000000 17 -1 -1 -1 21046 514
0x00000000 17 -1 -1 -1 53 51245
0x00000000 17 -1 -1 -1 53 54126
0x00000000 17 -1 -1 -1 56750 53
0x00000000 17 -1 -1 -1 53 56750
0x00000000 17 -1 -1 -1 21046 514
0x00000000 17 -1 -1 -1 53113 53
0x00000000 17 -1 -1 -1 53 53113
0x00000000 17 -1 -1 -1 21046 514
0x00000000 17 -1 -1 -1 52272 53
0x00000000 17 -1 -1 -1 53 52272
0x00000000 17 -1 -1 -1 21046 514
0x00000000 17 -1 -1 -1 55050 53
0x00000000 17 -1 -1 -1 53 55050
0x00000000 17 -1 -1 -1 21046 514
0x00000000 17 -1 -1 -1 61305 53
0x00000000 17 -1 -1 -1 21046 514
0x00000000 17 -1 -1 -1 53 61305
0x00000000 17 -1 -1 -1 64903 53
0x00000000 17 -1 -1 -1 21046 514
0x00000000 17 -1 -1 -1 51924 53
0x00000000 17 -1 -1 -1 53 51924
0x00000000 17 -1 -1 -1 56665 53
0x00000000 17 -1 -1 -1 55704 53
0x00000000 17 -1 -1 -1 55705 53
0x00000000 17 -1 -1 -1 53 55705
0x00000000 17 -1 -1 -1 21046 514
0x00000000 17 -1 -1 -1 21046 514
0x00000000 17 -1 -1 -1 53 55704
0x00000000 17 -1 -1 -1 53 56665
0x00000000 17 -1 -1 -1 53 64903
0x00000000 1 -1 -1 -1 -1 -1
0x00000000 17 -1 -1 -1 65008 53
0x00000000 17 -1 -1 -1 21046 514
0x00000000 17 -1 -1 -1 54958 53
0x00000000 17 -1 -1 -1 57563 53
0x00000000 1 -1 -1 -1 -1 -1
0x00000000 17 -1 -1 -1 53 57563
0x00000000 17 -1 -1 -1 21046 514
0x00000000 17 -1 -1 -1 53 54958
0x00000000 17 -1 -1 -1 53 65008
0x00000000 17 -1 -1 -1 58744 53
0x00000000 17 -1 -1 -1 21046 514
0x00000000 17 -1 -1 -1 53 58744
0x00000000 17 -1 -1 -1 61630 53
0x00000000 17 -1 -1 -1 21046 514
0x00000000 17 -1 -1 -1 53 61630
0x00000000 17 -1 -1 -1 53 64573
0x00000000 17 -1 -1 -1 53 58722
0x00000000 17 -1 -1 -1 53 64144
0x00004000 17 -1 -1 -1 40679 53
0x00004000 17 -1 -1 -1 40679 53
0x00000000 17 -1 -1 -1 53 40679
0x00000000 17 -1 -1 -1 21046 514
0x00000000 17 -1 -1 -1 53 40679
0x00000000 17 -1 -1 -1 21046 514
0x00000000 17 -1 -1 -1 58811 53
0x00000000 17 -1 -1 -1 53 58811
0x00000000 17 -1 -1 -1 21046 514
0x00000000 17 -1 -1 -1 58412 53
0x00000000 17 -1 -1 -1 53 58412
0x00000000 17 -1 -1 -1 21046 514
0x00000000 17 -1 -1 -1 2465 53
0x00000000 17 -1 -1 -1 53 2465
0x00000000 17 -1 -1 -1 21046 514
0x00000000 1 -1 -1 -1 -1 -1
0x00000000 17 -1 -1 -1 49288 53
0x00000000 17 -1 -1 -1 53 49288
0x00000000 17 -1 -1 -1 21046 514
0x00000000 17 -1 -1 -1 63289 53
0x00000000 17 -1 -1 -1 53 63289
0x00000000 17 -1 -1 -1 21046 514
0x00000000 17 -1 -1 -1 21046 514
0x00000000 17 -1 -1 -1 65265 53
0x00000000 17 -1 -1 -1 21046 514
0x00000000 17 -1 -1 -1 63070 53
0x00000000 17 -1 -1 -1 49749 53
0x00000000 17 -1 -1 -1 21046 514
0x00000000 17 -1 -1 -1 64437 53
0x00000000 17 -1 -1 -1 53 64437
0x00000000 17 -1 -1 -1 53 49749
0x00000000 17 -1 -1 -1 57940 53
0x00000000 17 -1 -1 -1 21046 514
0x00000000 17 -1 -1 -1 49662 53
0x00000000 17 -1 -1 -1 53 63070
0x00000000 17 -1 -1 -1 53 65265
0x00000000 17 -1 -1 -1 63418 53
0x00000000 17 -1 -1 -1 56881 53
0x00000000 17 -1 -1 -1 53 56881
0x00000000 17 -1 -1 -1 21046 514
0x00000000 17 -1 -1 -1 21046 514
0x00000000 17 -1 -1 -1 53 63418
0x00000000 17 -1 -1 -1 53 49662
0x00000000 17 -1 -1 -1 3386 53
0x00000000 17 -1 -1 -1 53 3386
0x00000000 17 -1 -1 -1 21046 514
0x00000000 17 -1 -1 -1 53 57940
0x00000000 17 -1 -1 -1 2556 53
0x00000000 17 -1 -1 -1 53 2556
0x00000000 17 -1 -1 -1 21046 514
0x00000000 17 -1 -1 -1 57680 53
0x00000000 17 -1 -1 -1 53 57680
0x00000000 17 -1 -1 -1 21046 514
0x00000000 17 -1 -1 -1 57814 53
0x00000000 17 -1 -1 -1 21046 514
0x00000000 17 -1 -1 -1 53 57814
0x00000000 17 -1 -1 -1 51925 53
0x00000000 17 -1 -1 -1 53 51925
0x00000000 17 -1 -1 -1 21046 514
0x00000000 17 -1 -1 -1 62660 53
0x00000000 17 -1 -1 -1 21046 514
0x00000000 17 -1 -1 -1 53 62660
0x00000000 17 -1 -1 -1 64692 53
0x00000000 17 -1 -1 -1 53 64692
0x00000000 17 -1 -1 -1 21046 514
0x00004000 17 -1 -1 -1 28193 53
0x00004000 17 -1 -1 -1 28193 53
0x00000000 17 -1 -1 -1 53 28193
0x00000000 17 -1 -1 -1 21046 514
0x00000000 17 -1 -1 -1 53 28193
0x00000000 17 -1 -1 -1 21046 514
0x00000000 17 -1 -1 -1 1121 53
0x00000000 17 -1 -1 -1 21046 514
0x00000000 17 -1 -1 -1 53 1121
0x00000000 17 -1 -1 -1 50999 53
0x00000000 17 -1 -1 -1 53 50999
0x00000000 17 -1 -1 -1 21046 514
0x00000000 17 -1 -1 -1 54042 53
0x00000000 17 -1 -1 -1 53782 53
0x00000000 17 -1 -1 -1 53 53782
0x00000000 17 -1 -1 -1 21046 514
0x00000000 17 -1 -1 -1 21046 514
0x00000000 17 -1 -1 -1 53 54042
0x00000000 17 -1 -1 -1 53 51791
0x00000000 17 -1 -1 -1 53 2979
0x00000000 17 -1 -1 -1 60775 53
0x00000000 17 -1 -1 -1 21046 514
0x00000000 17 -1 -1 -1 53 60775
0x00000000 17 -1 -1 -1 50295 53
0x00000000 17 -1 -1 -1 50296 53
0x00004000 17 -1 -1 -1 15091 53
0x00000000 17 -1 -1 -1 21046 514
0x00000000 17 -1 -1 -1 53 50296
0x00000000 17 -1 -1 -1 53 50295
0x00000000 17 -1 -1 -1 21046 514
0x00000000 17 -1 -1 -1 21046 514
0x00000000 17 -1 -1 -1 53 15091
0x00004000 17 -1 -1 -1 49675 53
0x00000000 17 -1 -1 -1 53 49675
0x00000000 17 -1 -1 -1 21046 514
0x00000000 17 -1 -1 -1 61588 53
0x00000000 17 -1 -1 -1 53 61588
0x00000000 17 -1 -1 -1 21046 514
0x00000000 17 -1 -1 -1 60183 53
0x00000000 17 -1 -1 -1 53 60183
0x00000000 17 -1 -1 -1 21046 514
0x00000000 17 -1 -1 -1 59894 53
0x00000000 17 -1 -1 -1 53 59894
0x00000000 17 -1 -1 -1 59895 53
0x00000000 17 -1 -1 -1 21046 514
0x00000000 17 -1 -1 -1 53 59895
0x00000000 17 -1 -1 -1 21046 514
0x00000000 17 -1 -1 -1 64807 53
0x00000000 17 -1 -1 -1 21046 514
0x00000000 17 -1 -1 -1 54486 53
0x00000000 17 -1 -1 -1 50634 53
0x00000000 17 -1 -1 -1 21046 514
0x00000000 17 -1 -1 -1 53 50634
0x00000000 17 -1 -1 -1 58959 53
0x00000000 17 -1 -1 -1 61606 53
0x00000000 17 -1 -1 -1 53 61606
0x00000000 17 -1 -1 -1 21046 514
0x00000000 17 -1 -1 -1 53 58959
0x00000000 17 -1 -1 -1 53 54486
0x00000000 17 -1 -1 -1 53 64807
0x00000000 17 -1 -1 -1 49649 53
0x00000000 1 -1 -1 -1 -1 -1
0x00000000 17 -1 -1 -1 49890 53
0x00000000 17 -1 -1 -1 21046 514
0x00000000 17 -1 -1 -1 21046 514
0x00000000 17 -1 -1 -1 53 49890
0x00000000 17 -1 -1 -1 57522 53
0x00000000 17 -1 -1 -1 57364 53
0x00000000 17 -1 -1 -1 21046 514
0x00000000 17 -1 -1 -1 53 57364
0x00000000 17 -1 -1 -1 65076 53
0x00000000 17 -1 -1 -1 21046 514
0x00000000 17 -1 -1 -1 53 65076
0x00000000 17 -1 -1 -1 59149 53
0x00000000 17 -1 -1 -1 53 59149
0x00000000 17 -1 -1 -1 21046 514
0x00000000 17 -1 -1 -1 52409 53
0x00000000 17 -1 -1 -1 53 52409
0x00000000 17 -1 -1 -1 21046 514
0x00000000 17 -1 -1 -1 49496 53
0x00000000 17 -1 -1 -1 53 49496
0x00000000 17 -1 -1 -1 21046 514
0x00000000 17 -1 -1 -1 51862 53
0x00000000 17 -1 -1 -1 21046 514
0x00000000 17 -1 -1 -1 53 51862
0x00000000 17 -1 -1 -1 65090 53
0x00000000 17 -1 -1 -1 21046 514
0x00000000 17 -1 -1 -1 53 65090
0x00000000 17 -1 -1 -1 64818 53
0x00000000 17 -1 -1 -1 21046 514
0x00000000 17 -1 -1 -1 56075 53
0x00000000 17 -1 -1 -1 52508 53
0x00000000 17 -1 -1 -1 21046 514
0x00000000 17 -1 -1 -1 53 52508
0x00000000 17 -1 -1 -1 59203 53
0x00000000 17 -1 -1 -1 21046 514
0x00000000 17 -1 -1 -1 53 56075
0x00000000 17 -1 -1 -1 53 64818
0x00000000 17 -1 -1 -1 64224 53
0x00000000 17 -1 -1 -1 49543 53
0x00000000 17 -1 -1 -1 21046 514
0x00000000 17 -1 -1 -1 21046 514
0x00000000 17 -1 -1 -1 53 64224
0x00000000 17 -1 -1 -1 59471 53
0x00000000 17 -1 -1 -1 53 59471
0x00000000 17 -1 -1 -1 53 49543
0x00000000 17 -1 -1 -1 58402 53
0x00000000 17 -1 -1 -1 21046 514
0x00000000 17 -1 -1 -1 53 58402
0x00000000 17 -1 -1 -1 52412 53
0x00000000 17 -1 -1 -1 52413 53
0x00000000 17 -1 -1 -1 21046 514
0x00000000 17 -1 -1 -1 53 52412
0x00000000 17 -1 -1 -1 21046 514
0x00000000 17 -1 -1 -1 53 52413
0x00000000 17 -1 -1 -1 60725 53
0x00000000 17 -1 -1 -1 53 60725
0x00000000 17 -1 -1 -1 21046 514
0x00000000 17 -1 -1 -1 62221 53
0x00000000 17 -1 -1 -1 53 62221
0x00000000 17 -1 -1 -1 21046 514
0x00000000 17 -1 -1 -1 58646 53
0x00000000 17 -1 -1 -1 53 58646
0x00000000 17 -1 -1 -1 21046 514
0x00000000 17 -1 -1 -1 51361 53
0x00000000 17 -1 -1 -1 53 51361
0x00000000 17 -1 -1 -1 21046 514
0x00000000 1 -1 -1 -1 -1 -1
0x00000000 17 -1 -1 -1 50939 53
0x00000000 17 -1 -1 -1 53 50939
0x00000000 17 -1 -1 -1 21046 514
0x00000000 17 -1 -1 -1 48990 53
0x00000000 17 -1 -1 -1 21046 514
0x00000000 17 -1 -1 -1 53 48990
0x00000000 17 -1 -1 -1 51093 53
0x00000000 17 -1 -1 -1 53 51093
0x00000000 17 -1 -1 -1 41988 514
0x00004000 6 53 48074 0x00000018 -1 -1
0x00000000 17 -1 -1 -1 53 3724
0x00004000 6 48074 53 0x00000011 -1 -1
0x00000000 17 -1 -1 -1 4408 53
0x00000000 17 -1 -1 -1 41988 514
0x00000000 17 -1 -1 -1 53 4408
0x00004000 6 53 48074 0x00000011 -1 -1
0x00004000 6 48074 53 0x00000010 -1 -1
0x00000000 17 -1 -1 -1 53 51599
0x00000000 17 -1 -1 -1 53 49431
0x00000000 17 -1 -1 -1 53 50849
0x00000000 17 -1 -1 -1 50312 53
0x00000000 17 -1 -1 -1 41988 514
0x00000000 17 -1 -1 -1 53057 53
0x00000000 17 -1 -1 -1 53 53057
0x00000000 17 -1 -1 -1 53 50312
0x00000000 17 -1 -1 -1 51368 53
0x00000000 17 -1 -1 -1 41988 514
0x00000000 17 -1 -1 -1 63023 53
0x00000000 17 -1 -1 -1 53 63023
0x00000000 17 -1 -1 -1 53 51368
0x00000000 17 -1 -1 -1 49987 53
0x00000000 17 -1 -1 -1 41988 514
0x00000000 17 -1 -1 -1 53 49987
0x00000000 17 -1 -1 -1 55453 53
0x00000000 17 -1 -1 -1 41988 514
0x00000000 17 -1 -1 -1 53 55453
0x00004000 17 -1 -1 -1 58400 53
0x00004000 17 -1 -1 -1 58400 53
0x00000000 17 -1 -1 -1 53 58400
0x00000000 17 -1 -1 -1 41988 514
0x00000000 17 -1 -1 -1 41988 514
0x00000000 17 -1 -1 -1 53 58400
0x00000000 17 -1 -1 -1 1720 53
0x00000000 17 -1 -1 -1 41988 514
0x00000000 17 -1 -1 -1 53 1720
0x00000000 17 -1 -1 -1 2983 53
0x00000000 17 -1 -1 -1 41988 514
0x00000000 17 -1 -1 -1 53 2983
0x00000000 17 -1 -1 -1 1385 53
0x00000000 17 -1 -1 -1 53 1385
0x00000000 17 -1 -1 -1 41988 514
0x00000000 17 -1 -1 -1 59832 53
0x00000000 17 -1 -1 -1 41988 514
0x00000000 17 -1 -1 -1 53 59832
0x00000000 17 -1 -1 -1 64548 53
0x00000000 17 -1 -1 -1 64549 53
0x00000000 17 -1 -1 -1 53 64549
0x00000000 17 -1 -1 -1 41988 514
0x00000000 17 -1 -1 -1 41988 514
0x00000000 17 -1 -1 -1 53 64548
0x00000000 1 -1 -1 -1 -1 -1
0x00000000 17 -1 -1 -1 4162 53
0x00000000 17 -1 -1 -1 53 4162
0x00000000 17 -1 -1 -1 41988 514
0x00000000 17 -1 -1 -1 54065 53
0x00000000 17 -1 -1 -1 53 54065
0x00000000 17 -1 -1 -1 41988 514
0x00004000 17 -1 -1 -1 6176 53
0x00000000 17 -1 -1 -1 53 6176
0x00000000 17 -1 -1 -1 41988 514
0x00000000 17 -1 -1 -1 62019 53
0x00000000 17 -1 -1 -1 60433 53
0x00000000 17 -1 -1 -1 60962 53
0x00000000 17 -1 -1 -1 61717 53
0x00000000 17 -1 -1 -1 41988 514
0x00000000 17 -1 -1 -1 60700 53
0x00000000 17 -1 -1 -1 41988 514
0x00000000 17 -1 -1 -1 53 60433
0x00000000 17 -1 -1 -1 49970 53
0x00000000 17 -1 -1 -1 41988 514
0x00000000 17 -1 -1 -1 60220 53
0x00000000 17 -1 -1 -1 53 60962
0x00000000 17 -1 -1 -1 53 61717
0x00000000 17 -1 -1 -1 41988 514
0x00000000 17 -1 -1 -1 41988 514
0x00000000 17 -1 -1 -1 53 60700
0x00000000 17 -1 -1 -1 41988 514
0x00000000 17 -1 -1 -1 53 60220
0x00000000 17 -1 -1 -1 53 49970
0x00000000 17 -1 -1 -1 54388 53
0x00000000 17 -1 -1 -1 53 54388
0x00000000 17 -1 -1 -1 53660 53
0x00000000 17 -1 -1 -1 53 53660
0x00000000 17 -1 -1 -1 53 62019
0x00000000 17 -1 -1 -1 64369 53
0x00000000 17 -1 -1 -1 1385 53
0x00000000 17 -1 -1 -1 41988 514
0x00000000 17 -1 -1 -1 53 64369
0x00000000 17 -1 -1 -1 41988 514
0x00000000 17 -1 -1 -1 53013 53
0x00000000 17 -1 -1 -1 60039 53
0x00000000 17 -1 -1 -1 53 60039
0x00000000 17 -1 -1 -1 41988 514
0x00004000 17 -1 -1 -1 123 123
0x00000000 17 -1 -1 -1 123 123
0x00004000 17 -1 -1 -1 123 123
0x00000000 17 -1 -1 -1 56924 53
0x00000000 17 -1 -1 -1 53 56924
0x00000000 17 -1 -1 -1 41988 514
0x00000000 17 -1 -1 -1 3724 53
0x00000000 17 -1 -1 -1 41988 514
0x00000000 17 -1 -1 -1 53 3724
0x00000000 17 -1 -1 -1 41988 514
0x00004000 17 -1 -1 -1 123 123
0x00000000 17 -1 -1 -1 123 123
0x00000000 17 -1 -1 -1 51521 53
0x00000000 17 -1 -1 -1 41988 514
0x00000000 17 -1 -1 -1 53 51521
0x00000000 17 -1 -1 -1 61179 53
0x00000000 17 -1 -1 -1 41988 514
0x00000000 17 -1 -1 -1 53 61179
0x00000000 17 -1 -1 -1 55761 53
0x00000000 17 -1 -1 -1 41988 514
0x00000000 17 -1 -1 -1 53 55761
0x00000000 17 -1 -1 -1 58244 53
0x00000000 17 -1 -1 -1 58245 53
0x00000000 17 -1 -1 -1 53 58245
0x00000000 17 -1 -1 -1 41988 514
0x00000000 17 -1 -1 -1 41988 514
0x00000000 17 -1 -1 -1 53 58244
0x00000000 1 -1 -1 -1 -1 -1
0x00000000 17 -1 -1 -1 53098 53
0x00000000 17 -1 -1 -1 53 53098
0x00000000 17 -1 -1 -1 41988 514
0x00000000 17 -1 -1 -1 55972 53
0x00000000 17 -1 -1 -1 41988 514
0x00000000 17 -1 -1 -1 57839 53
0x00000000 17 -1 -1 -1 53 57839
0x00000000 17 -1 -1 -1 53 55972
0x00000000 17 -1 -1 -1 63177 53
0x00000000 17 -1 -1 -1 63178 53
0x00000000 17 -1 -1 -1 41988 514
0x00000000 17 -1 -1 -1 53 63178
0x00000000 17 -1 -1 -1 41988 514
0x00000000 17 -1 -1 -1 53 63177
0x00000000 17 -1 -1 -1 3724 53
0x00000000 17 -1 -1 -1 41988 514
0x00000000 17 -1 -1 -1 59795 53
0x00000000 17 -1 -1 -1 55193 53
0x00000000 17 -1 -1 -1 60244 53
0x00000000 17 -1 -1 -1 41988 514
0x00000000 17 -1 -1 -1 53 55193
0x00000000 17 -1 -1 -1 41988 514
0x00000000 17 -1 -1 -1 53 60244
0x00000000 17 -1 -1 -1 2032 53
0x00000000 17 -1 -1 -1 53 2032
0x00000000 17 -1 -1 -1 41988 514
0x00004000 6 40017 53 0x00000002 -1 -1
0x00004000 6 53 40017 0x00000012 -1 -1
0x00004000 6 40017 53 0x00000010 -1 -1
0x00004000 6 40017 53 0x00000011 -1 -1
0x00004000 6 53 40017 0x00000010 -1 -1
0x00004000 6 53 40017 0x00000011 -1 -1
0x00004000 6 40017 53 0x00000010 -1 -1
0x00000000 1 -1 -1 -1 -1 -1
0x00000000 1 -1 -1 -1 -1 -1
0x00000000 17 -1 -1 -1 55711 53
0x00000000 17 -1 -1 -1 41988 514
0x00000000 17 -1 -1 -1 52234 53
0x00000000 17 -1 -1 -1 64549 53
0x00000000 17 -1 -1 -1 41988 514
0x00000000 17 -1 -1 -1 53 59795
0x00000000 17 -1 -1 -1 53 3724
0x00000000 17 -1 -1 -1 123 123
0x00000000 17 -1 -1 -1 123 123
0x00000000 17 -1 -1 -1 61510 53
0x00000000 17 -1 -1 -1 53 61510
0x00000000 17 -1 -1 -1 41988 514
0x00000000 17 -1 -1 -1 62241 53
0x00000000 17 -1 -1 -1 41988 514
0x00000000 17 -1 -1 -1 50386 53
0x00000000 17 -1 -1 -1 64803 53
0x00000000 17 -1 -1 -1 41988 514
0x00000000 17 -1 -1 -1 3724 53
0x00000000 17 -1 -1 -1 53 3724
0x00000000 17 -1 -1 -1 41988 514
0x00000000 17 -1 -1 -1 53 52234
0x00000000 17 -1 -1 -1 51088 53
0x00000000 17 -1 -1 -1 53 50386
0x00000000 17 -1 -1 -1 53 64803
0x00000000 17 -1 -1 -1 53 62241
0x00000000 17 -1 -1 -1 53 51088
0x00000000 17 -1 -1 -1 53 55711
0x00000000 17 -1 -1 -1 53 64549
0x00000000 17 -1 -1 -1 50192 53
0x00000000 17 -1 -1 -1 53 50192
0x00000000 17 -1 -1 -1 41988 514
0x00000000 17 -1 -1 -1 61693 53
0x00000000 17 -1 -1 -1 53 61693
0x00000000 17 -1 -1 -1 41988 514
0x00000000 17 -1 -1 -1 63401 53
0x00000000 17 -1 -1 -1 53 53013
0x00000000 17 -1 -1 -1 53 1385
0x00000000 17 -1 -1 -1 55521 53
0x00000000 17 -1 -1 -1 41988 514
0x00000000 17 -1 -1 -1 54691 53
0x00000000 17 -1 -1 -1 2353 53
0x00000000 17 -1 -1 -1 53 2353
0x00000000 17 -1 -1 -1 41988 514
0x00000000 17 -1 -1 -1 53 54691
0x00000000 17 -1 -1 -1 53 55521
0x00000000 17 -1 -1 -1 62103 53
0x00000000 17 -1 -1 -1 53 62103
0x00000000 17 -1 -1 -1 41988 514
0x00000000 17 -1 -1 -1 60759 53
0x00000000 17 -1 -1 -1 53 60759
0x00000000 17 -1 -1 -1 41988 514
0x00000000 17 -1 -1 -1 61357 53
0x00000000 17 -1 -1 -1 62492 53
0x00000000 17 -1 -1 -1 41988 514
0x00000000 17 -1 -1 -1 41988 514
0x00000000 17 -1 -1 -1 53 62492
0x00000000 17 -1 -1 -1 61079 53
0x00000000 17 -1 -1 -1 56715 53
0x00000000 17 -1 -1 -1 41988 514
0x00000000 17 -1 -1 -1 55374 53
0x00000000 17 -1 -1 -1 53 55374
0x00000000 17 -1 -1 -1 53 56715
0x00004000 17 -1 -1 -1 123 123
0x00000000 17 -1 -1 -1 3724 53
0x00000000 17 -1 -1 -1 41988 514
0x00000000 17 -1 -1 -1 53 3724
0x00000000 17 -1 -1 -1 41988 514
0x00000000 17 -1 -1 -1 3724 53
0x00000000 17 -1 -1 -1 41988 514
0x00000000 17 -1 -1 -1 64892 53
0x00000000 17 -1 -1 -1 53 61079
0x00000000 17 -1 -1 -1 63602 53
0x00000000 17 -1 -1 -1 53 63602
0x00000000 17 -1 -1 -1 53 61357
0x00000000 17 -1 -1 -1 53 64892
0x00000000 17 -1 -1 -1 53 3724
0x00000000 17 -1 -1 -1 54886 53
0x00000000 17 -1 -1 -1 53 54886
0x00000000 17 -1 -1 -1 41988 514
0x00000000 17 -1 -1 -1 51648 53
0x00000000 17 -1 -1 -1 41988 514
0x00000000 17 -1 -1 -1 53421 53
0x00000000 17 -1 -1 -1 53 53421
0x00000000 17 -1 -1 -1 53 51648
0x00000000 17 -1 -1 -1 1968 53
0x00000000 17 -1 -1 -1 53 1968
0x00000000 17 -1 -1 -1 41988 514
0x00000000 17 -1 -1 -1 55424 53
0x00000000 17 -1 -1 -1 55423 53
0x00000000 17 -1 -1 -1 53 55423
0x00000000 17 -1 -1 -1 41988 514
0x00000000 17 -1 -1 -1 53 55424
0x00000000 17 -1 -1 -1 41988 514
0x00000000 17 -1 -1 -1 49581 53
0x00000000 17 -1 -1 -1 41988 514
0x00000000 17 -1 -1 -1 53 49581
0x00000000 17 -1 -1 -1 55429 53
0x00000000 17 -1 -1 -1 55430 53
0x00000000 17 -1 -1 -1 53 55430
0x00000000 17 -1 -1 -1 41988 514
0x00000000 17 -1 -1 -1 53 55429
0x00000000 17 -1 -1 -1 41988 514
0x00000000 17 -1 -1 -1 3724 53
0x00000000 17 -1 -1 -1 53 3724
0x00000000 17 -1 -1 -1 41988 514
0x00000000 17 -1 -1 -1 41988 514
0x00000000 1 -1 -1 -1 -1 -1
0x00004000 17 -1 -1 -1 4688 53
0x00000000 17 -1 -1 -1 41988 514
0x00000000 17 -1 -1 -1 57381 53
0x00000000 17 -1 -1 -1 53 57381
0x00000000 17 -1 -1 -1 41988 514
0x00000000 17 -1 -1 -1 53699 53
0x00000000 17 -1 -1 -1 53 53699
0x00000000 17 -1 -1 -1 41988 514
0x00000000 17 -1 -1 -1 56768 53
0x00000000 17 -1 -1 -1 53 56768
0x00000000 17 -1 -1 -1 41988 514
0x00000000 17 -1 -1 -1 51963 53
0x00000000 17 -1 -1 -1 53 51963
0x00000000 17 -1 -1 -1 41988 514
0x00000000 17 -1 -1 -1 49635 53
0x00000000 17 -1 -1 -1 53 49635
0x00000000 17 -1 -1 -1 41988 514
0x00000000 17 -1 -1 -1 64609 53
0x00000000 17 -1 -1 -1 53 64609
0x00000000 17 -1 -1 -1 41988 514
0x00000000 17 -1 -1 -1 59346 53
0x00000000 17 -1 -1 -1 53 59346
0x00000000 17 -1 -1 -1 41988 514
0x00000000 1 -1 -1 -1 -1 -1
0x00000000 1 -1 -1 -1 -1 -1
0x00000000 17 -1 -1 -1 123 123
0x00000000 17 -1 -1 -1 123 123
0x00000000 17 -1 -1 -1 3724 53
0x00000000 17 -1 -1 -1 41988 514
0x00000000 17 -1 -1 -1 53 3724
0x00000000 17 -1 -1 -1 41988 514
0x00000000 17 -1 -1 -1 56207 53
0x00000000 17 -1 -1 -1 53 56207
0x00000000 17 -1 -1 -1 41988 514
0x00000000 17 -1 -1 -1 3724 53
0x00000000 17 -1 -1 -1 53 3724
0x00000000 17 -1 -1 -1 41988 514
0x00000000 17 -1 -1 -1 41988 514
0x00000000 17 -1 -1 -1 3724 53
0x00000000 17 -1 -1 -1 41988 514
0x00000000 17 -1 -1 -1 58635 53
0x00000000 17 -1 -1 -1 58008 53
0x00000000 17 -1 -1 -1 53 58008
0x00000000 17 -1 -1 -1 41988 514
0x00000000 17 -1 -1 -1 59721 53
0x00000000 17 -1 -1 -1 53 59721
0x00000000 17 -1 -1 -1 41988 514
0x00004000 17 -1 -1 -1 1633 53
0x00004000 17 -1 -1 -1 16444 53
0x00004000 17 -1 -1 -1 4371 53
0x00004000 17 -1 -1 -1 50336 53
0x00000000 17 -1 -1 -1 41988 514
0x00000000 17 -1 -1 -1 53 16444
0x00000000 17 -1 -1 -1 50723 53
0x00000000 17 -1 -1 -1 41988 514
0x00000000 17 -1 -1 -1 53 1633
0x00000000 17 -1 -1 -1 41988 514
0x00000000 17 -1 -1 -1 53 4371
0x00000000 17 -1 -1 -1 41988 514
0x00000000 17 -1 -1 -1 53 50336
0x00000000 17 -1 -1 -1 51522 53
0x00000000 17 -1 -1 -1 51523 53
0x00000000 17 -1 -1 -1 53 51522
0x00000000 17 -1 -1 -1 41988 514
0x00000000 17 -1 -1 -1 41988 514
0x00000000 17 -1 -1 -1 53 51523
0x00000000 17 -1 -1 -1 3724 53
0x00000000 17 -1 -1 -1 41988 514
0x00000000 17 -1 -1 -1 53 3724
0x00000000 17 -1 -1 -1 41988 514
0x00000000 17 -1 -1 -1 3724 53
0x00000000 17 -1 -1 -1 41988 514
0x00000000 17 -1 -1 -1 53 3724
0x00000000 17 -1 -1 -1 41988 514
0x00000000 17 -1 -1 -1 51849 53
0x00000000 17 -1 -1 -1 53 51849
0x00000000 17 -1 -1 -1 41988 514
0x00000000 17 -1 -1 -1 55710 53
0x00000000 17 -1 -1 -1 53 55710
0x00000000 17 -1 -1 -1 41988 514
0x00000000 17 -1 -1 -1 55120 53
0x00000000 17 -1 -1 -1 53 55120
0x00000000 17 -1 -1 -1 41988 514
0x00000000 17 -1 -1 -1 123 123
0x00000000 17 -1 -1 -1 123 123
0x00000000 17 -1 -1 -1 61575 53
0x00000000 17 -1 -1 -1 60596 53
0x00000000 17 -1 -1 -1 61129 53
0x00000000 17 -1 -1 -1 41988 514
0x00000000 17 -1 -1 -1 53 61575
0x00000000 17 -1 -1 -1 41988 514
0x00000000 17 -1 -1 -1 53 61129
0x00000000 17 -1 -1 -1 41988 514
0x00000000 17 -1 -1 -1 49927 53
0x00000000 17 -1 -1 -1 58733 53
0x00000000 17 -1 -1 -1 54690 53
0x00000000 17 -1 -1 -1 41988 514
0x00000000 17 -1 -1 -1 53 54690
0x00000000 17 -1 -1 -1 53 49927
0x00000000 17 -1 -1 -1 61937 53
0x00000000 17 -1 -1 -1 61938 53
0x00000000 17 -1 -1 -1 53 61938
0x00000000 17 -1 -1 -1 41988 514
0x00000000 17 -1 -1 -1 41988 514
0x00000000 17 -1 -1 -1 53 61937
0x00000000 1 -1 -1 -1 -1 -1
0x00004000 17 -1 -1 -1 123 123
0x00000000 17 -1 -1 -1 54590 53
0x00000000 17 -1 -1 -1 53 54590
0x00000000 17 -1 -1 -1 41988 514
0x00000000 17 -1 -1 -1 61454 53
0x00000000 17 -1 -1 -1 53 61454
0x00000000 17 -1 -1 -1 41988 514
0x00000000 17 -1 -1 -1 49879 53
0x00000000 17 -1 -1 -1 41988 514
0x00000000 17 -1 -1 -1 58299 53
0x00000000 17 -1 -1 -1 53 58299
0x00000000 17 -1 -1 -1 53 49879
0x00000000 17 -1 -1 -1 58422 53
0x00000000 17 -1 -1 -1 53 58422
0x00000000 17 -1 -1 -1 41988 514
0x00000000 17 -1 -1 -1 3724 53
0x00000000 17 -1 -1 -1 53 3724
0x00000000 17 -1 -1 -1 41988 514
0x00000000 17 -1 -1 -1 41988 514
0x00000000 17 -1 -1 -1 3552 53
0x00000000 17 -1 -1 -1 41988 514
0x00000000 17 -1 -1 -1 49569 53
0x00000000 17 -1 -1 -1 53 49569
0x00000000 17 -1 -1 -1 53 3552
0x00000000 17 -1 -1 -1 1410 53
0x00000000 17 -1 -1 -1 41988 514
0x00000000 17 -1 -1 -1 53 1410
0x00000000 17 -1 -1 -1 123 123
0x00000000 17 -1 -1 -1 123 123
0x00000000 1 -1 -1 -1 -1 -1
0x00000000 1 -1 -1 -1 -1 -1
0x00000000 17 -1 -1 -1 123 123
0x00000000 17 -1 -1 -1 123 123
0x00000000 17 -1 -1 -1 53 58733
0x00000000 17 -1 -1 -1 59060 53
0x00000000 17 -1 -1 -1 53 59060
0x00000000 17 -1 -1 -1 64508 53
0x00000000 17 -1 -1 -1 3724 53
0x00000000 17 -1 -1 -1 41988 514
0x00000000 17 -1 -1 -1 53 3724
0x00000000 17 -1 -1 -1 41988 514
0x00000000 17 -1 -1 -1 50664 53
0x00000000 17 -1 -1 -1 50665 53
0x00000000 17 -1 -1 -1 41988 514
0x00000000 17 -1 -1 -1 53 50664
0x00000000 17 -1 -1 -1 41988 514
0x00000000 17 -1 -1 -1 53 50665
0x00000000 17 -1 -1 -1 50666 53
0x00000000 17 -1 -1 -1 50667 53
0x00000000 17 -1 -1 -1 53 50666
0x00000000 17 -1 -1 -1 41988 514
0x00000000 17 -1 -1 -1 41988 514
0x00000000 17 -1 -1 -1 53 50667
0x00000000 17 -1 -1 -1 123 123
0x00000000 17 -1 -1 -1 123 123
0x00000000 17 -1 -1 -1 55525 53
0x00000000 17 -1 -1 -1 53 55525
0x00000000 17 -1 -1 -1 41988 514
0x00000000 17 -1 -1 -1 3724 53
0x00000000 17 -1 -1 -1 41988 514
0x00000000 17 -1 -1 -1 53 3724
0x00000000 17 -1 -1 -1 53 64508
0x00000000 17 -1 -1 -1 55967 53
0x00000000 17 -1 -1 -1 4162 53
0x00000000 17 -1 -1 -1 41988 514
0x00000000 17 -1 -1 -1 53 4162
0x00000000 17 -1 -1 -1 3877 53
0x00000000 17 -1 -1 -1 53907 53
0x00000000 17 -1 -1 -1 41988 514
0x00000000 17 -1 -1 -1 53 3877
0x00000000 17 -1 -1 -1 41988 514
0x00000000 17 -1 -1 -1 53 53907
0x00000000 17 -1 -1 -1 53 55967
0x00000000 17 -1 -1 -1 53 60596
0x00000000 17 -1 -1 -1 2032 53
0x00000000 17 -1 -1 -1 41988 514
0x00000000 17 -1 -1 -1 53 2032
0x00000000 17 -1 -1 -1 49375 53
0x00000000 17 -1 -1 -1 50292 53
0x00000000 17 -1 -1 -1 55820 53
0x00000000 17 -1 -1 -1 53 50292
0x00000000 17 -1 -1 -1 59536 53
0x00000000 17 -1 -1 -1 55345 53
0x00000000 17 -1 -1 -1 41988 514
0x00000000 17 -1 -1 -1 53 55345
0x00000000 17 -1 -1 -1 55346 53
0x00000000 17 -1 -1 -1 41988 514
0x00000000 17 -1 -1 -1 53 55346
0x00000000 1 -1 -1 -1 -1 -1
0x00000000 17 -1 -1 -1 61881 53
0x00000000 17 -1 -1 -1 53 61881
0x00000000 17 -1 -1 -1 41988 514
0x00000000 17 -1 -1 -1 2458 53
0x00000000 17 -1 -1 -1 41988 514
0x00000000 17 -1 -1 -1 53 2458
0x00004000 17 -1 -1 -1 44443 123
0x00000000 17 -1 -1 -1 123 44443
0x00000000 17 -1 -1 -1 53 58635
0x00000000 17 -1 -1 -1 53 3724
0x00000000 88 -1 -1 -1 -1 -1
0x00000000 17 -1 -1 -1 1720 53
0x00000000 17 -1 -1 -1 41988 514
0x00000000 17 -1 -1 -1 53 1720
0x00004000 17 -1 -1 -1 47170 53
0x00004000 17 -1 -1 -1 47170 53
0x00000000 17 -1 -1 -1 53 47170
0x00000000 17 -1 -1 -1 41988 514
0x00000000 17 -1 -1 -1 41988 514
0x00000000 17 -1 -1 -1 53 47170
0x00000000 17 -1 -1 -1 1608 53
0x00000000 17 -1 -1 -1 41988 514
0x00000000 17 -1 -1 -1 53 1608
0x00000000 17 -1 -1 -1 61619 53
0x00000000 17 -1 -1 -1 41988 514
0x00000000 17 -1 -1 -1 53 61619
0x00004000 17 -1 -1 -1 31631 123
0x00000000 17 -1 -1 -1 123 31631
0x00000000 17 -1 -1 -1 2083 53
0x00000000 17 -1 -1 -1 41988 514
0x00000000 17 -1 -1 -1 50072 53
0x00000000 17 -1 -1 -1 56911 53
0x00000000 17 -1 -1 -1 53 56911
0x00000000 17 -1 -1 -1 41988 514
0x00000000 17 -1 -1 -1 53 50072
0x00000000 17 -1 -1 -1 53 2083
0x00000000 17 -1 -1 -1 55516 53
0x00000000 17 -1 -1 -1 53 55516
0x00000000 17 -1 -1 -1 41988 514
0x00000000 17 -1 -1 -1 3724 53
0x00000000 17 -1 -1 -1 41988 514
0x00000000 17 -1 -1 -1 62361 53
0x00000000 17 -1 -1 -1 123 123
0x00000000 17 -1 -1 -1 123 123
0x00000000 17 -1 -1 -1 57853 53
0x00000000 17 -1 -1 -1 53 57853
0x00000000 17 -1 -1 -1 41988 514
0x00000000 17 -1 -1 -1 64492 53
0x00000000 17 -1 -1 -1 53 64492
0x00000000 17 -1 -1 -1 41988 514
0x00000000 17 -1 -1 -1 64499 53
0x00000000 17 -1 -1 -1 64500 53
0x00000000 17 -1 -1 -1 53 64499
0x00000000 17 -1 -1 -1 41988 514
0x00000000 17 -1 -1 -1 41988 514
0x00000000 17 -1 -1 -1 53 64500
0x00000000 17 -1 -1 -1 53 62361
0x00000000 17 -1 -1 -1 53 3724
0x00000000 17 -1 -1 -1 49804 53
0x00000000 17 -1 -1 -1 55296 53
0x00000000 17 -1 -1 -1 41988 514
0x00000000 17 -1 -1 -1 41988 514
0x00000000 17 -1 -1 -1 51088 53
0x00000000 17 -1 -1 -1 54672 53
0x00000000 17 -1 -1 -1 53765 53
0x00000000 17 -1 -1 -1 50705 53
0x00000000 17 -1 -1 -1 50550 53
0x00000000 17 -1 -1 -1 59999 53
0x00000000 17 -1 -1 -1 57183 53
0x00000000 17 -1 -1 -1 58679 53
0x00000000 17 -1 -1 -1 41988 514
0x00000000 17 -1 -1 -1 41988 514
0x00000000 17 -1 -1 -1 53 59999
0x00000000 17 -1 -1 -1 41988 514
0x00000000 17 -1 -1 -1 54796 53
0x00000000 17 -1 -1 -1 53 50550
0x00000000 17 -1 -1 -1 41988 514
0x00000000 17 -1 -1 -1 53 50705
0x00000000 17 -1 -1 -1 41988 514
0x00000000 17 -1 -1 -1 41988 514
0x00000000 17 -1 -1 -1 53 58679
0x00000000 17 -1 -1 -1 51888 53
0x00000000 17 -1 -1 -1 53 54672
0x00000000 17 -1 -1 -1 53 54796
0x00000000 17 -1 -1 -1 53 55296
0x00000000 17 -1 -1 -1 53 53765
0x00000000 17 -1 -1 -1 53 51088
0x00000000 17 -1 -1 -1 53 49804
0x00000000 17 -1 -1 -1 53 51888
0x00000000 17 -1 -1 -1 53 57183
0x00000000 17 -1 -1 -1 60653 53
0x00000000 17 -1 -1 -1 53 60653
0x00000000 17 -1 -1 -1 41988 514
0x00000000 17 -1 -1 -1 60839 53
0x00000000 17 -1 -1 -1 53 60839
0x00000000 17 -1 -1 -1 41988 514
0x00000000 1 -1 -1 -1 -1 -1
0x00000000 1 -1 -1 -1 -1 -1
0x00000000 17 -1 -1 -1 58828 53
0x00000000 17 -1 -1 -1 53 58828
0x00000000 17 -1 -1 -1 41988 514
0x00000000 17 -1 -1 -1 59257 53
0x00000000 17 -1 -1 -1 53 59257
0x00000000 17 -1 -1 -1 41988 514
0x00004000 17 -1 -1 -1 54280 53
0x00004000 17 -1 -1 -1 54280 53
0x00000000 17 -1 -1 -1 41988 514
0x00000000 17 -1 -1 -1 53 54280
0x00000000 17 -1 -1 -1 41988 514
0x00000000 17 -1 -1 -1 53 54280
0x00000000 17 -1 -1 -1 60716 53
0x00004000 17 -1 -1 -1 6494 123
0x00000000 17 -1 -1 -1 123 6494
0x00000000 17 -1 -1 -1 50746 53
0x00000000 17 -1 -1 -1 53 50746
0x00000000 17 -1 -1 -1 41988 514
0x00004000 17 -1 -1 -1 33618 53
0x00000000 17 -1 -1 -1 53 33618
0x00000000 17 -1 -1 -1 41988 514
0x00000000 17 -1 -1 -1 56427 53
0x00000000 17 -1 -1 -1 41988 514
0x00000000 17 -1 -1 -1 53 56427
0x00000000 17 -1 -1 -1 123 123
0x00000000 17 -1 -1 -1 123 123
0x00000000 17 -1 -1 -1 64875 53
0x00000000 17 -1 -1 -1 41988 514
0x00000000 17 -1 -1 -1 53 64875
0x00000000 17 -1 -1 -1 61106 53
0x00000000 17 -1 -1 -1 64757 53
0x00000000 17 -1 -1 -1 53 64757
0x00000000 17 -1 -1 -1 63333 53
0x00000000 17 -1 -1 -1 61927 53
0x00000000 17 -1 -1 -1 53 61927
0x00000000 17 -1 -1 -1 41988 514
0x00000000 17 -1 -1 -1 137 137
0x00000000 1 -1 -1 -1 -1 -1
0x00000000 17 -1 -1 -1 52186 53
0x00000000 17 -1 -1 -1 41988 514
0x00000000 17 -1 -1 -1 53 52186
0x00004000 17 -1 -1 -1 29054 53
0x00004000 17 -1 -1 -1 29054 53
0x00000000 17 -1 -1 -1 53 29054
0x00000000 17 -1 -1 -1 41988 514
0x00000000 17 -1 -1 -1 41988 514
0x00000000 17 -1 -1 -1 53 29054
0x00000000 17 -1 -1 -1 49872 53
0x00000000 17 -1 -1 -1 54432 53
0x00000000 17 -1 -1 -1 41988 514
0x00000000 17 -1 -1 -1 53 49872
0x00000000 17 -1 -1 -1 41988 514
0x00000000 17 -1 -1 -1 53 54432
0x00000000 17 -1 -1 -1 53551 53
0x00000000 17 -1 -1 -1 41988 514
0x00000000 17 -1 -1 -1 53 53551
0x00000000 17 -1 -1 -1 64867 53
0x00000000 17 -1 -1 -1 41988 514
0x00000000 17 -1 -1 -1 64813 53
0x00000000 17 -1 -1 -1 55788 53
0x00000000 17 -1 -1 -1 41988 514
0x00000000 17 -1 -1 -1 63464 53
0x00000000 17 -1 -1 -1 53 63464
0x00000000 17 -1 -1 -1 53 55788
0x00000000 17 -1 -1 -1 53 64813
0x00000000 17 -1 -1 -1 53 64867
0x00000000 17 -1 -1 -1 63036 53
0x00000000 17 -1 -1 -1 41988 514
0x00000000 17 -1 -1 -1 53 63036
0x00000000 17 -1 -1 -1 58749 53
0x00000000 17 -1 -1 -1 41988 514
0x00000000 17 -1 -1 -1 53 58749
0x00000000 17 -1 -1 -1 65429 53
0x00000000 17 -1 -1 -1 41988 514
0x00000000 17 -1 -1 -1 53 65429
0x00000000 17 -1 -1 -1 58086 53
0x00000000 17 -1 -1 -1 53 55820
0x00000000 1 -1 -1 -1 -1 -1
0x00000000 17 -1 -1 -1 3335 53
0x00000000 17 -1 -1 -1 41988 514
0x00000000 17 -1 -1 -1 53 3335
0x00000000 17 -1 -1 -1 49289 53
0x00000000 17 -1 -1 -1 41988 514
0x00000000 17 -1 -1 -1 65069 53
0x00000000 17 -1 -1 -1 53 65069
0x00000000 17 -1 -1 -1 53 49289
0x00000000 17 -1 -1 -1 59057 53
0x00000000 17 -1 -1 -1 41988 514
0x00000000 17 -1 -1 -1 53 59057
0x00000000 17 -1 -1 -1 57103 53
0x00000000 17 -1 -1 -1 53 57103
0x00000000 17 -1 -1 -1 59325 53
0x00000000 17 -1 -1 -1 53 59325
0x00000000 17 -1 -1 -1 41988 514
0x00000000 17 -1 -1 -1 59054 53
0x00000000 17 -1 -1 -1 53 59054
0x00000000 17 -1 -1 -1 41988 514
0x00000000 17 -1 -1 -1 49179 53
0x00000000 17 -1 -1 -1 53 49179
0x00000000 17 -1 -1 -1 41988 514
0x00000000 17 -1 -1 -1 3552 53
0x00000000 17 -1 -1 -1 53 3552
0x00000000 17 -1 -1 -1 41988 514
0x00000000 17 -1 -1 -1 3724 53
0x00000000 17 -1 -1 -1 41988 514
0x00000000 17 -1 -1 -1 57761 53
0x00000000 17 -1 -1 -1 1410 53
0x00000000 17 -1 -1 -1 53 1410
0x00000000 17 -1 -1 -1 41988 514
0x00000000 17 -1 -1 -1 53 57761
0x00000000 17 -1 -1 -1 53 3724
0x00000000 17 -1 -1 -1 64468 53
0x00000000 17 -1 -1 -1 53 64468
0x00000000 17 -1 -1 -1 41988 514
0x00000000 17 -1 -1 -1 62612 53
0x00000000 17 -1 -1 -1 41988 514
0x00000000 17 -1 -1 -1 53 62612
0x00000000 17 -1 -1 -1 59326 53
0x00000000 17 -1 -1 -1 59327 53
0x00000000 17 -1 -1 -1 53 59326
0x00000000 17 -1 -1 -1 41988 514
0x00000000 17 -1 -1 -1 41988 514
0x00000000 17 -1 -1 -1 53 59327
0x00000000 17 -1 -1 -1 53 58086
0x00000000 17 -1 -1 -1 3724 53
0x00000000 17 -1 -1 -1 41988 514
0x00000000 17 -1 -1 -1 49239 53
0x00000000 1 -1 -1 -1 -1 -1
0x00000000 1 -1 -1 -1 -1 -1
0x00000000 17 -1 -1 -1 1608 53
0x00000000 17 -1 -1 -1 53 1608
0x00000000 17 -1 -1 -1 41988 514
0x00000000 17 -1 -1 -1 49533 53
0x00000000 17 -1 -1 -1 41988 514
0x00000000 17 -1 -1 -1 53 49533
0x00000000 17 -1 -1 -1 49538 53
0x00000000 17 -1 -1 -1 49539 53
0x00000000 17 -1 -1 -1 53 49538
0x00000000 17 -1 -1 -1 41988 514
0x00000000 17 -1 -1 -1 41988 514
0x00000000 17 -1 -1 -1 53 49539
0x00000000 17 -1 -1 -1 55445 53
0x00000000 17 -1 -1 -1 53 55445
0x00000000 17 -1 -1 -1 41988 514
0x00000000 17 -1 -1 -1 59045 53
0x00000000 17 -1 -1 -1 59046 53
0x00000000 17 -1 -1 -1 41988 514
0x00000000 17 -1 -1 -1 53 59045
0x00000000 17 -1 -1 -1 41988 514
0x00000000 17 -1 -1 -1 53 59046
0x00000000 17 -1 -1 -1 64073 53
0x00000000 17 -1 -1 -1 53 64073
0x00000000 17 -1 -1 -1 41988 514
0x00000000 1 -1 -1 -1 -1 -1
0x00000000 17 -1 -1 -1 60749 53
0x00000000 17 -1 -1 -1 41988 514
0x00000000 17 -1 -1 -1 52485 53
0x00000000 17 -1 -1 -1 53 52485
0x00000000 17 -1 -1 -1 53 60749
0x00000000 17 -1 -1 -1 51102 53
0x00000000 17 -1 -1 -1 53 51102
0x00000000 17 -1 -1 -1 41988 514
0x00000000 17 -1 -1 -1 53 49239
0x00000000 17 -1 -1 -1 63124 53
0x00000000 17 -1 -1 -1 54394 53
0x00000000 17 -1 -1 -1 53 54394
0x00000000 17 -1 -1 -1 41988 514
0x00000000 17 -1 -1 -1 53 59536
0x00000000 1 -1 -1 -1 -1 -1
0x00000000 17 -1 -1 -1 59453 53
0x00000000 17 -1 -1 -1 3724 53
0x00000000 17 -1 -1 -1 53 3724
0x00000000 17 -1 -1 -1 41988 514
0x00000000 17 -1 -1 -1 50789 53
0x00000000 17 -1 -1 -1 53 50789
0x00000000 17 -1 -1 -1 41988 514
0x00000000 17 -1 -1 -1 1720 53
0x00000000 17 -1 -1 -1 53 1720
0x00000000 17 -1 -1 -1 41988 514
0x00000000 17 -1 -1 -1 1385 53
0x00000000 17 -1 -1 -1 41988 514
0x00000000 17 -1 -1 -1 50432 53
0x00000000 17 -1 -1 -1 53 50432
0x00000000 17 -1 -1 -1 53 1385
0x00000000 17 -1 -1 -1 3877 53
0x00000000 17 -1 -1 -1 53 3877
0x00000000 17 -1 -1 -1 41988 514
0x00000000 17 -1 -1 -1 4162 53
0x00000000 17 -1 -1 -1 53 4162
0x00000000 17 -1 -1 -1 41988 514
0x00000000 17 -1 -1 -1 56111 53
0x00000000 17 -1 -1 -1 41988 514
0x00000000 17 -1 -1 -1 61274 53
0x00000000 17 -1 -1 -1 3724 53
0x00000000 17 -1 -1 -1 41988 514
0x00000000 17 -1 -1 -1 50955 53
0x00000000 17 -1 -1 -1 64607 53
0x00000000 17 -1 -1 -1 53 64607
0x00000000 17 -1 -1 -1 41988 514
0x00000000 17 -1 -1 -1 54933 53
0x00000000 17 -1 -1 -1 53 54933
0x00000000 17 -1 -1 -1 41988 514
0x00000000 17 -1 -1 -1 57964 53
0x00000000 17 -1 -1 -1 41988 514
0x00000000 17 -1 -1 -1 60785 53
0x00000000 17 -1 -1 -1 53 60785
0x00000000 17 -1 -1 -1 53 57964
0x00000000 17 -1 -1 -1 61610 53
0x00000000 17 -1 -1 -1 61927 53
0x00000000 17 -1 -1 -1 61489 53
0x00000000 17 -1 -1 -1 53 61489
0x00000000 17 -1 -1 -1 41988 514
0x00000000 17 -1 -1 -1 41988 514
0x00000000 17 -1 -1 -1 53 61610
0x00000000 17 -1 -1 -1 41988 514
0x00000000 17 -1 -1 -1 53 61927
0x00000000 17 -1 -1 -1 2458 53
0x00000000 17 -1 -1 -1 41988 514
0x00000000 17 -1 -1 -1 53 2458
0x00004000 17 -1 -1 -1 53265 53
0x00004000 17 -1 -1 -1 40445 53
0x00000000 17 -1 -1 -1 53 53265
0x00000000 17 -1 -1 -1 41988 514
0x00000000 17 -1 -1 -1 41988 514
0x00000000 17 -1 -1 -1 53 40445
0x00004000 17 -1 -1 -1 53265 53
0x00004000 17 -1 -1 -1 40445 53
0x00000000 17 -1 -1 -1 53 53265
0x00000000 17 -1 -1 -1 41988 514
0x00000000 17 -1 -1 -1 41988 514
0x00000000 17 -1 -1 -1 53 40445
0x00000000 17 -1 -1 -1 56798 53
0x00000000 17 -1 -1 -1 53 56798
0x00000000 17 -1 -1 -1 41988 514
0x00000000 17 -1 -1 -1 3724 53
0x00000000 17 -1 -1 -1 41988 514
0x00000000 17 -1 -1 -1 53 3724
0x00000000 17 -1 -1 -1 41988 514
0x00000000 17 -1 -1 -1 60062 53
0x00000000 17 -1 -1 -1 41988 514
0x00000000 17 -1 -1 -1 1851 53
0x00000000 17 -1 -1 -1 41988 514
0x00000000 17 -1 -1 -1 53 1851
0x00000000 17 -1 -1 -1 53 61274
0x00000000 17 -1 -1 -1 53 60062
0x00000000 17 -1 -1 -1 53 56111
0x00000000 17 -1 -1 -1 50617 53
0x00000000 17 -1 -1 -1 59679 53
0x00000000 17 -1 -1 -1 56265 53
0x00000000 17 -1 -1 -1 53 56265
0x00000000 17 -1 -1 -1 41988 514
0x00000000 17 -1 -1 -1 57891 53
0x00000000 17 -1 -1 -1 53 57891
0x00000000 17 -1 -1 -1 41988 514
0x00000000 17 -1 -1 -1 55435 53
0x00000000 17 -1 -1 -1 55436 53
0x00000000 17 -1 -1 -1 53 55435
0x00000000 17 -1 -1 -1 41988 514
0x00000000 17 -1 -1 -1 41988 514
0x00000000 17 -1 -1 -1 53 55436
0x00000000 17 -1 -1 -1 50513 53
0x00000000 17 -1 -1 -1 53 50513
0x00000000 17 -1 -1 -1 41988 514
0x00000000 17 -1 -1 -1 54377 53
0x00000000 17 -1 -1 -1 53 54377
0x00000000 17 -1 -1 -1 41988 514
0x00000000 17 -1 -1 -1 53 50955
0x00000000 17 -1 -1 -1 53 3724
0x00000000 17 -1 -1 -1 59297 53
0x00000000 17 -1 -1 -1 41988 514
0x00000000 17 -1 -1 -1 51685 53
0x00000000 17 -1 -1 -1 53 51685
0x00000000 17 -1 -1 -1 53 59297
0x00000000 17 -1 -1 -1 123 123
0x00000000 17 -1 -1 -1 123 123
0x00000000 17 -1 -1 -1 2032 53
0x00000000 17 -1 -1 -1 53 2032
0x00000000 17 -1 -1 -1 41988 514
0x00004000 17 -1 -1 -1 34440 53
0x00004000 17 -1 -1 -1 34440 53
0x00000000 17 -1 -1 -1 53 34440
0x00000000 17 -1 -1 -1 41988 514
0x00000000 17 -1 -1 -1 41988 514
0x00000000 17 -1 -1 -1 53 34440
0x00000000 17 -1 -1 -1 51361 53
0x00000000 17 -1 -1 -1 51362 53
0x00000000 17 -1 -1 -1 41988 514
0x00000000 17 -1 -1 -1 53 51361
0x00000000 17 -1 -1 -1 41988 514
0x00000000 17 -1 -1 -1 53 51362
0x00000000 17 -1 -1 -1 63578 53
0x00000000 17 -1 -1 -1 53 63578
0x00000000 17 -1 -1 -1 41988 514
0x00000000 1 -1 -1 -1 -1 -1
0x00000000 1 -1 -1 -1 -1 -1
0x00000000 1 -1 -1 -1 -1 -1
0x00000000 17 -1 -1 -1 137 137
0x00000000 1 -1 -1 -1 -1 -1
0x00000000 17 -1 -1 -1 53018 53
0x00000000 17 -1 -1 -1 53019 53
0x00000000 17 -1 -1 -1 41988 514
0x00000000 17 -1 -1 -1 53 53018
0x00000000 17 -1 -1 -1 41988 514
0x00000000 17 -1 -1 -1 53 53019
0x00000000 17 -1 -1 -1 53022 53
0x00000000 17 -1 -1 -1 53023 53
0x00000000 17 -1 -1 -1 53 53022
0x00000000 17 -1 -1 -1 41988 514
0x00000000 17 -1 -1 -1 41988 514
0x00000000 17 -1 -1 -1 53 53023
0x00000000 17 -1 -1 -1 3724 53
0x00000000 17 -1 -1 -1 41988 514
0x00000000 17 -1 -1 -1 60890 53
0x00000000 17 -1 -1 -1 53 60890
0x00000000 17 -1 -1 -1 53 3724
0x00000000 17 -1 -1 -1 51594 53
0x00000000 17 -1 -1 -1 53 51594
0x00000000 17 -1 -1 -1 41988 514
0x00004000 17 -1 -1 -1 30407 53
0x00004000 17 -1 -1 -1 30407 53
0x00000000 17 -1 -1 -1 53 30407
0x00000000 17 -1 -1 -1 53 30407
0x00000000 17 -1 -1 -1 41988 514
0x00000000 17 -1 -1 -1 41988 514
0x00000000 17 -1 -1 -1 60113 53
0x00000000 17 -1 -1 -1 49636 53
0x00000000 17 -1 -1 -1 53 49636
0x00000000 17 -1 -1 -1 41988 514
0x00000000 17 -1 -1 -1 3724 53
0x00000000 17 -1 -1 -1 53 3724
0x00000000 17 -1 -1 -1 41988 514
0x00000000 17 -1 -1 -1 52200 53
0x00000000 17 -1 -1 -1 53 52200
0x00000000 17 -1 -1 -1 41988 514
0x00000000 17 -1 -1 -1 2353 53
0x00000000 17 -1 -1 -1 53 2353
0x00000000 17 -1 -1 -1 41988 514
0x00000000 17 -1 -1 -1 57366 53
0x00000000 17 -1 -1 -1 52045 53
0x00000000 17 -1 -1 -1 41988 514
0x00000000 17 -1 -1 -1 65366 53
0x00000000 17 -1 -1 -1 53 65366
0x00000000 17 -1 -1 -1 53 52045
0x00000000 17 -1 -1 -1 59565 53
0x00000000 17 -1 -1 -1 60288 53
0x00000000 17 -1 -1 -1 53 60288
0x00000000 17 -1 -1 -1 53 59565
0x00004000 6 17693 53 0x00000002 -1 -1
0x00004000 6 61975 53 0x00000002 -1 -1
0x00004000 6 53 61975 0x00000012 -1 -1
0x00004000 6 61975 53 0x00000010 -1 -1
0x00004000 6 53 17693 0x00000012 -1 -1
0x00004000 6 17693 53 0x00000010 -1 -1
0x00004000 6 17693 53 0x00000018 -1 -1
0x00004000 6 61975 53 0x00000018 -1 -1
0x00004000 6 53 17693 0x00000010 -1 -1
0x00004000 6 53 61975 0x00000010 -1 -1
0x00004000 6 53 17693 0x00000018 -1 -1
0x00004000 6 53 61975 0x00000018 -1 -1
0x00004000 6 17693 53 0x00000011 -1 -1
0x00000000 17 -1 -1 -1 54624 53
0x00004000 6 61975 53 0x00000011 -1 -1
0x00000000 17 -1 -1 -1 55577 53
0x00004000 6 53 17693 0x00000011 -1 -1
0x00004000 6 17693 53 0x00000010 -1 -1
0x00000000 17 -1 -1 -1 53 55577
0x00004000 6 53 61975 0x00000011 -1 -1
0x00004000 6 61975 53 0x00000010 -1 -1
0x00000000 17 -1 -1 -1 53 54624
0x00000000 17 -1 -1 -1 53085 53
0x00000000 17 -1 -1 -1 52972 53
0x00000000 17 -1 -1 -1 60639 53
0x00000000 17 -1 -1 -1 60153 53
0x00000000 17 -1 -1 -1 61509 53
0x00000000 17 -1 -1 -1 41988 514
0x00000000 17 -1 -1 -1 53 60639
0x00000000 17 -1 -1 -1 41988 514
0x00000000 17 -1 -1 -1 53 60153
0x00000000 17 -1 -1 -1 41988 514
0x00000000 17 -1 -1 -1 53 61509
0x00004000 17 -1 -1 -1 123 123
0x00000000 17 -1 -1 -1 3724 53
0x00000000 17 -1 -1 -1 41988 514
0x00000000 17 -1 -1 -1 53 3724
0x00000000 17 -1 -1 -1 41988 514
0x00000000 17 -1 -1 -1 49732 53
0x00000000 17 -1 -1 -1 49404 53
0x00000000 17 -1 -1 -1 53 49732
0x00000000 17 -1 -1 -1 41988 514
0x00000000 17 -1 -1 -1 41988 514
0x00000000 17 -1 -1 -1 53 49404
0x00000000 17 -1 -1 -1 65225 53
0x00000000 17 -1 -1 -1 41988 514
0x00000000 17 -1 -1 -1 53 65225
0x00000000 17 -1 -1 -1 65246 53
0x00000000 17 -1 -1 -1 41988 514
0x00000000 17 -1 -1 -1 53 65246
0x00000000 17 -1 -1 -1 53 63124
0x00000000 1 -1 -1 -1 -1 -1
0x00000000 17 -1 -1 -1 59909 53
0x00000000 17 -1 -1 -1 41988 514
0x00000000 17 -1 -1 -1 52436 53
0x00000000 17 -1 -1 -1 52444 53
0x00000000 17 -1 -1 -1 53 52444
0x00000000 17 -1 -1 -1 41988 514
0x00000000 17 -1 -1 -1 1968 53
0x00000000 17 -1 -1 -1 53 1968
0x00000000 17 -1 -1 -1 41988 514
0x00000000 17 -1 -1 -1 3724 53
0x00000000 17 -1 -1 -1 53 3724
0x00000000 17 -1 -1 -1 41988 514
0x00000000 17 -1 -1 -1 41988 514
0x00000000 17 -1 -1 -1 53 52436
0x00000000 17 -1 -1 -1 51171 53
0x00000000 17 -1 -1 -1 59323 53
0x00000000 17 -1 -1 -1 53 59323
0x00000000 17 -1 -1 -1 41988 514
0x00000000 17 -1 -1 -1 64947 53
0x00000000 17 -1 -1 -1 64946 53
0x00000000 17 -1 -1 -1 53 64947
0x00000000 17 -1 -1 -1 41988 514
0x00000000 17 -1 -1 -1 41988 514
0x00000000 17 -1 -1 -1 53 64946
0x00000000 1 -1 -1 -1 -1 -1
0x00000000 17 -1 -1 -1 53 51171
0x00000000 17 -1 -1 -1 53 59909
0x00000000 17 -1 -1 -1 50023 53
0x00000000 17 -1 -1 -1 53 50023
0x00000000 17 -1 -1 -1 41988 514
0x00000000 17 -1 -1 -1 53779 53
0x00000000 17 -1 -1 -1 41988 514
0x00000000 17 -1 -1 -1 53 53779
0x00000000 1 -1 -1 -1 -1 -1
0x00000000 1 -1 -1 -1 -1 -1
0x00000000 17 -1 -1 -1 52366 53
0x00000000 17 -1 -1 -1 53 52366
0x00000000 17 -1 -1 -1 41988 514
0x00000000 17 -1 -1 -1 51263 53
0x00000000 17 -1 -1 -1 51264 53
0x00000000 17 -1 -1 -1 53 51263